SensorType,Px_pred,Py_pred,Vx_pred,Vy_pred,Px_meas,Py_meas,Px_gt,Py_gt,Vx_gt,Vy_gt,NIS
L,0.312243,0.58034,0,0,0.312243,0.58034,0.6,0.6,5.19994,0,6.89954e-310
R,0.576769,0.338071,4.05469,1.95298,0.862916,0.534212,0.859997,0.600045,5.19975,0.00179686,21.6887
L,1.15335,0.490874,4.14117,1.77026,1.17385,0.481073,1.11998,0.600225,5.19943,0.00538996,0.392934
R,1.28882,0.527598,4.27008,1.52585,0.969149,0.397513,1.37996,0.600629,5.19898,0.0107781,2.00651
L,1.56294,0.623334,4.42596,1.10424,1.65063,0.62469,1.6399,0.601347,5.19839,0.0179597,0.892112
R,1.82857,0.588515,4.35966,-1.61277,1.62331,0.499091,1.89982,0.60247,5.19766,0.0269323,1.77494
L,2.10619,0.574139,4.57238,-0.980619,2.18882,0.648739,2.1597,0.604086,5.19678,0.0376932,1.01496
R,2.34277,0.641685,5.02702,0.17934,1.96701,0.557117,2.41954,0.606284,5.19573,0.0502389,3.4403
L,2.60885,0.657358,5.03694,0.283672,2.65526,0.66598,2.67932,0.609155,5.1945,0.0645654,0.136612
R,2.87691,0.650533,5.22843,0.244514,2.92034,0.645898,2.93904,0.612786,5.19309,0.080668,0.348461
L,3.10761,0.656449,5.19265,0.313681,3.01222,0.637046,3.19869,0.617267,5.19147,0.0985415,0.544907
R,3.39742,0.555604,5.30721,-0.493776,3.56096,0.485311,3.45825,0.622685,5.18963,0.11818,2.11575
L,3.70916,0.448029,5.29329,-1.22965,3.89365,0.311793,3.71772,0.62913,5.18754,0.139576,3.23685
R,3.98533,0.538133,5.4577,-0.318301,4.19786,0.698311,3.97708,0.636689,5.18519,0.162724,3.27498
L,4.26435,0.541142,5.4594,-0.221181,4.30935,0.578564,4.23632,0.645449,5.18256,0.187614,0.203164
R,4.52015,0.595326,5.27588,0.142754,4.61908,0.68951,4.49542,0.655498,5.17962,0.214238,0.98306
L,4.69461,0.731174,4.99867,0.876128,4.35143,0.899174,4.75437,0.666921,5.17634,0.242587,8.77702
R,4.95008,0.728896,4.90669,0.761301,5.20902,0.66599,5.01315,0.679804,5.1727,0.272649,1.56114
L,5.25474,0.714119,5.02173,0.591064,5.51894,0.648233,5.27175,0.694234,5.16867,0.304413,4.17474
R,5.514,0.722687,5.23919,0.587545,5.22835,0.639362,5.53013,0.710295,5.16422,0.337868,1.80924
L,5.8185,0.729139,5.31368,0.529742,6.022,0.708619,5.78828,0.728072,5.15932,0.372999,2.27976
R,6.06543,0.650829,5.06966,0.151847,5.89392,0.373584,6.04618,0.747647,5.15393,0.409793,4.2497
L,6.31471,0.766917,5.05166,0.566183,6.34249,0.948833,6.30379,0.769103,5.14803,0.448233,2.37594
R,6.56475,0.804046,5.00882,0.6377,6.62134,0.836138,6.5611,0.792523,5.14157,0.488305,0.0786694
L,6.81187,0.792654,5.00774,0.536929,6.78214,0.714036,6.81808,0.817988,5.13452,0.52999,0.472149
R,7.05679,0.776849,4.80781,0.414197,7.29121,0.630741,7.07469,0.845578,5.12685,0.573269,1.95151
L,7.26638,0.858852,4.74359,0.632455,7.13735,0.957217,7.3309,0.875373,5.11851,0.618123,1.6074
R,7.56329,0.873896,5.17968,0.650471,8.08349,0.819605,7.58668,0.907449,5.10946,0.664531,5.44448
L,7.82297,0.840378,5.18604,0.470878,7.80533,0.719126,7.84199,0.941886,5.09966,0.712469,1.02649
R,8.07346,0.86006,4.93987,0.456187,8.40453,0.884557,8.0968,0.978759,5.08907,0.761915,2.16893
L,8.30881,0.869413,4.92023,0.435461,8.24796,0.840322,8.35106,1.01814,5.07766,0.812843,0.249528
R,8.57715,0.969727,5.27087,0.730771,8.45858,1.41118,8.60472,1.06011,5.06537,0.865226,5.55597
L,8.82338,1.02435,5.23162,0.822765,8.74615,1.04858,8.85775,1.10473,5.05216,0.919037,0.366229
R,9.1157,1.06819,5.24317,0.860391,9.8809,1.1419,9.1101,1.15208,5.03798,0.974245,6.84871
L,9.35852,1.0918,5.20847,0.839242,9.25579,1.04913,9.36172,1.20223,5.0228,1.03082,0.672579
R,9.63839,1.17461,5.24367,0.999496,10.1016,1.52474,9.61255,1.25524,5.00656,1.08873,4.00649
L,9.9182,1.30462,5.24049,1.28751,10.0484,1.44598,9.86254,1.31118,4.98922,1.14794,2.24554
R,10.1648,1.40552,4.91295,1.39882,10.5377,1.72555,10.1117,1.37011,4.97074,1.20841,4.10151
L,10.3832,1.47507,4.84756,1.46122,10.2492,1.45907,10.3598,1.4321,4.95106,1.2701,0.965022
R,10.6143,1.56182,4.59341,1.51096,10.9084,1.70343,10.6069,1.49721,4.93014,1.33298,2.02796
L,10.8301,1.5725,4.56532,1.39415,10.7313,1.45265,10.853,1.56549,4.90794,1.39701,1.48203
R,11.0986,1.62508,4.83185,1.44423,11.4783,1.42876,11.0979,1.637,4.8844,1.46213,2.87464
L,11.3831,1.65876,4.90315,1.37141,11.587,1.61462,11.3416,1.71179,4.85948,1.52832,2.41146
R,11.6141,1.71159,4.79519,1.34784,11.4763,1.53917,11.584,1.78992,4.83313,1.59551,0.626963
L,11.8416,1.7694,4.7662,1.35759,11.7788,1.74591,11.8251,1.87144,4.80531,1.66366,0.242105
R,12.0983,1.86567,4.96523,1.52022,12.136,2.14937,12.0647,1.95639,4.77598,1.73273,1.3335
L,12.3475,1.88148,4.97113,1.37652,12.3226,1.78353,12.3029,2.04482,4.74508,1.80265,0.717818
R,12.6043,1.93998,5.08656,1.39436,12.5457,1.77728,12.5394,2.13677,4.71257,1.87338,0.452484
L,12.8065,2.08624,4.96414,1.66091,12.5924,2.17509,12.7743,2.23227,4.67842,1.94485,3.17397
R,13.0735,2.20526,5.11067,1.84922,13.2198,2.66441,13.0075,2.33137,4.64258,2.01701,2.21219
L,13.2823,2.353,4.98447,2.07171,13.0875,2.40708,13.2388,2.43409,4.605,2.08981,2.34024
R,13.4552,2.51121,4.46887,2.18168,12.7087,3.12439,13.4682,2.54047,4.56565,2.16317,10.4607
L,13.7039,2.6157,4.48299,2.23818,13.836,2.62479,13.6955,2.65053,4.52448,2.23703,0.934732
R,13.9229,2.7303,4.44696,2.31635,13.8302,2.73893,13.9208,2.7643,4.48147,2.31134,0.0980466
L,14.1504,2.88204,4.40611,2.48606,14.2106,2.94205,14.1439,2.88179,4.43656,2.38601,0.430657
R,14.4003,3.00084,4.62691,2.62212,14.5568,2.87021,14.3646,3.00303,4.38974,2.46099,1.27899
L,14.6124,3.0518,4.58484,2.45408,14.4616,2.90734,14.583,3.12802,4.34097,2.5362,2.57937
R,14.8408,3.22288,4.62331,2.69285,14.6754,3.96041,14.7989,3.25679,4.29021,2.61157,3.09105
L,15.054,3.42124,4.5202,2.94817,15.0261,3.5067,15.0122,3.38932,4.23744,2.68703,0.615346
R,15.2619,3.60076,4.25856,3.03932,15.3685,4.14761,15.2228,3.52563,4.18263,2.76249,2.45295
L,15.4769,3.78177,4.19101,3.20013,15.5236,3.82936,15.4306,3.66572,4.12575,2.83789,0.263999
R,15.6873,3.91645,4.14525,3.2043,15.7234,3.4105,15.6355,3.80957,4.06678,2.91315,1.20447
L,15.9123,4.04168,4.13729,3.17328,15.9774,4.00094,15.8375,3.95719,4.00571,2.98817,0.387745
R,16.1091,4.1985,3.9164,3.14979,16.3376,4.21632,16.0363,4.10854,3.94251,3.0629,1.156
L,16.3019,4.39088,3.84097,3.31516,16.3313,4.44499,16.2319,4.26363,3.87716,3.13723,0.247406
R,16.5129,4.55634,3.89396,3.42834,16.7586,4.48231,16.4242,4.42242,3.80966,3.21109,0.809373
L,16.6906,4.71403,3.80982,3.45895,16.6039,4.67344,16.613,4.5849,3.74,3.28438,0.490612
R,16.8472,4.89108,3.41798,3.36042,16.9236,5.10119,16.7983,4.75103,3.66817,3.35704,2.39744
L,17.0011,5.12177,3.28809,3.59907,16.9955,5.21099,16.9799,4.92077,3.59416,3.42897,0.600829
R,17.1758,5.277,3.28122,3.62719,17.3421,4.64623,17.1579,5.09409,3.51797,3.50008,1.58173
L,17.33,5.45382,3.19186,3.68133,17.2894,5.43542,17.3319,5.27094,3.4396,3.57028,0.105666
R,17.4919,5.60347,3.12551,3.63708,17.6463,4.74597,17.5019,5.45128,3.35907,3.63949,2.69757
L,17.6837,5.71258,3.15276,3.4866,17.7853,5.62476,17.6679,5.63506,3.27637,3.70762,1.26408
R,17.8347,5.89131,3.01652,3.49495,17.9216,6.07151,17.8297,5.82221,3.19151,3.77458,0.434594
L,18.002,6.09601,2.97643,3.62236,18.1263,6.16985,17.9872,6.01269,3.10453,3.84027,1.12823
R,18.1556,6.29924,2.963,3.77532,18.1245,6.79027,18.1402,6.20641,3.01542,3.90462,1.01126
L,18.2709,6.56274,2.78613,4.03784,18.2164,6.66138,18.2888,6.40332,2.92421,3.96753,0.959712
R,18.4047,6.77473,2.6668,4.10428,18.4022,7.02231,18.4328,6.60333,2.83093,4.0289,0.258922
L,18.5555,6.8948,2.66734,3.91755,18.5422,6.76013,18.572,6.80638,2.7356,4.08867,1.31864
R,18.7062,7.10264,2.72636,4.08774,18.8089,7.24388,18.7064,7.01237,2.63825,4.14672,0.720106
L,18.9114,7.232,2.83194,3.89853,19.1441,7.18344,18.8359,7.22122,2.53893,4.20299,3.41663
R,19.0068,7.41351,2.5349,3.75109,18.5479,7.4012,18.9604,7.43283,2.43767,4.25737,3.47323
L,19.0833,7.71523,2.31916,4.10239,19.0138,7.8688,19.0798,7.64712,2.3345,4.3098,2.18453
R,19.2083,7.91506,2.31176,4.18087,19.3089,7.67375,19.1939,7.86397,2.22949,4.36017,0.304597
L,19.2824,8.14418,2.14035,4.28573,19.132,8.12845,19.3028,8.08329,2.12266,4.40842,1.25932
R,19.3818,8.35404,2.11067,4.39063,19.0239,8.17194,19.4062,8.30497,2.01409,4.45445,2.06263
L,19.4823,8.4862,2.07243,4.19191,19.347,8.30741,19.5042,8.5289,1.90381,4.49819,2.945
R,19.579,8.68284,1.95376,4.14014,19.6843,8.35902,19.5966,8.75494,1.7919,4.53956,0.409805
L,19.7424,8.85736,2.02843,4.06483,20.0039,8.8906,19.6835,8.983,1.67841,4.57848,3.83645
R,19.8229,9.06605,1.85457,4.02058,19.6061,9.48659,19.7645,9.21294,1.56341,4.61488,0.875347
L,19.9447,9.31461,1.82339,4.16571,20.1574,9.45949,19.8398,9.44463,1.44697,4.64869,3.54538
R,19.9987,9.51989,1.577,4.0504,19.6163,9.76606,19.9093,9.67795,1.32916,4.67984,1.86918
L,20.073,9.78306,1.45516,4.23712,20.1573,9.90876,19.9728,9.91275,1.21005,4.70826,1.3483
R,20.132,10.0421,1.38137,4.49838,19.1911,11.5493,20.0303,10.1489,1.08972,4.73389,7.6471
L,20.1692,10.3446,1.15749,4.73739,20.166,10.4687,20.0818,10.3863,0.968259,4.75666,1.11537
R,20.1835,10.5834,0.873777,4.6635,19.6774,10.803,20.1271,10.6247,0.845742,4.77652,2.40869
L,20.2342,10.871,0.72238,4.82586,20.371,11.0109,20.1663,10.864,0.722256,4.7934,2.10742
R,20.2559,11.1459,0.579827,5.00973,19.4335,12.3402,20.1993,11.1041,0.597892,4.80727,4.80724
L,20.2945,11.3745,0.491782,4.96163,20.3164,11.3483,20.2261,11.3449,0.472738,4.81807,0.0907126
R,20.2375,11.6259,0.0562248,4.76821,19.2063,12.2418,20.2466,11.5861,0.346889,4.82575,8.75232
L,20.3154,11.8455,0.0861066,4.69684,20.6141,11.9422,20.2608,11.8275,0.220439,4.83027,5.36085
R,20.3395,12.0868,0.120829,4.95184,19.966,11.9688,20.2687,12.0692,0.093487,4.83159,4.47771
L,20.3176,12.3944,-0.108253,5.12162,20.3263,12.4966,20.2701,12.3108,-0.0338694,4.82968,0.732994
R,20.2651,12.6336,-0.421963,4.91005,20.0192,12.4823,20.2652,12.5522,-0.161529,4.82451,2.55175
L,20.3011,12.8501,-0.415314,4.80194,20.498,12.8924,20.254,12.7933,-0.28939,4.81605,2.28996
R,20.2968,13.071,-0.48973,4.74419,20.9151,12.2555,20.2363,13.0339,-0.417348,4.80428,2.14815
L,20.2678,13.268,-0.593538,4.626,20.1943,13.1688,20.2122,13.2738,-0.545298,4.78918,0.852441
R,20.2311,13.5021,-0.702779,4.69043,19.858,13.5236,20.1818,13.5129,-0.673135,4.77072,1.36937
L,20.2054,13.7722,-0.826495,4.76061,20.3245,13.8896,20.1449,13.7509,-0.800753,4.74892,1.50445
R,20.1544,13.992,-0.974491,4.64185,20.3387,13.5307,20.1017,13.9878,-0.928043,4.72374,0.744327
L,20.0918,14.2597,-1.15573,4.71039,20.1216,14.337,20.0521,14.2233,-1.0549,4.69521,0.418602
R,20.0197,14.4894,-1.30035,4.68691,19.6717,14.4038,19.9962,14.4573,-1.18121,4.66331,1.3233
L,19.8996,14.7624,-1.58745,4.76462,19.781,14.773,19.934,14.6897,-1.30687,4.62805,0.919334
R,19.8357,14.9772,-1.62221,4.73018,20.1149,14.0165,19.8655,14.9202,-1.43177,4.58944,3.40023
L,19.8239,15.173,-1.548,4.55722,20.0208,15.2053,19.7908,15.1486,-1.55581,4.54751,2.35282
R,19.7034,15.3643,-1.81742,4.1346,20.0157,15.3443,19.7099,15.3749,-1.67887,4.50226,7.12521
L,19.6938,15.5218,-1.7223,3.92243,19.9131,15.554,19.6229,15.5989,-1.80085,4.45372,2.94446
R,19.6193,15.7053,-1.78415,3.87859,19.9388,15.0864,19.5298,15.8203,-1.92164,4.40193,1.24143
L,19.4969,15.9415,-2.00236,3.94643,19.4748,16.0098,19.4307,16.039,-2.04114,4.3469,0.392599
R,19.4047,16.1415,-2.05456,3.98771,19.1556,16.0022,19.3257,16.2549,-2.15925,4.28868,1.84796
L,19.2915,16.3257,-2.16631,3.90041,19.238,16.2719,19.2148,16.4679,-2.27586,4.22731,0.305908
R,19.1827,16.512,-2.26536,3.80762,19.4007,16.2962,19.0981,16.6777,-2.39087,4.16284,0.196634
L,19.029,16.7538,-2.50472,3.8897,19.0029,16.8387,18.9757,16.8841,-2.50418,4.0953,0.596036
R,18.8674,16.948,-2.78188,3.67513,18.8373,17.7112,18.8477,17.0872,-2.61571,4.02476,6.4191
L,18.6568,17.2243,-3.16979,3.81961,18.6148,17.3832,18.7142,17.2866,-2.72534,3.95127,2.00054
R,18.5682,17.4234,-2.95301,3.88011,18.8177,17.0316,18.5752,17.4822,-2.83299,3.87489,6.17668
L,18.3343,17.6403,-3.27891,3.89058,18.1023,17.5529,18.4309,17.674,-2.93858,3.79568,3.49817
R,18.1913,17.8397,-3.26173,3.90225,18.2749,17.4877,18.2814,17.8617,-3.042,3.71372,1.78233
L,18.079,18.0107,-3.2027,3.75154,18.2094,18.0461,18.1268,18.0453,-3.14318,3.62906,1.08366
R,17.906,18.1571,-3.32849,3.50209,18.3021,17.498,17.9671,18.2246,-3.24204,3.5418,2.53529
L,17.804,18.2728,-3.20486,3.25304,17.9018,18.2183,17.8026,18.3994,-3.3385,3.45199,0.98488
R,17.6838,18.4406,-3.17378,3.18517,18.8558,18.1365,17.6334,18.5697,-3.43247,3.35973,6.33624
L,17.4647,18.6491,-3.43607,3.25509,17.3845,18.7039,17.4595,18.7353,-3.5239,3.26509,0.753785
R,17.2908,18.7815,-3.52076,3.068,17.7945,18.0801,17.281,18.8962,-3.61271,3.16817,1.88121
L,17.1397,18.91,-3.51278,2.9132,17.1762,18.8863,17.0983,19.0521,-3.69883,3.06904,0.151247
R,16.9736,19.0794,-3.56579,2.89169,16.9398,19.7311,16.9113,19.203,-3.78221,2.9678,2.98484
L,16.7467,19.2047,-3.74021,2.77881,16.5734,19.052,16.7201,19.3488,-3.86278,2.86455,2.84898
R,16.5495,19.3635,-3.8744,2.72141,16.1674,20.2201,16.5251,19.4894,-3.9405,2.75938,3.28667
L,16.2978,19.5476,-4.13259,2.75384,16.2338,19.6171,16.3262,19.6246,-4.01531,2.65237,0.71305
R,16.0774,19.6262,-4.23013,2.47601,16.4366,18.2742,16.1237,19.7545,-4.08716,2.54364,10.1484
L,15.8672,19.7722,-4.31513,2.409,15.9243,19.8703,15.9176,19.8789,-4.15602,2.43329,0.689744
R,15.6881,19.8919,-4.1672,2.34287,16.2328,19.2166,15.7082,19.9978,-4.22185,2.32141,3.2757
L,15.4387,20.0604,-4.36909,2.3796,15.4332,20.1836,15.4956,20.111,-4.28461,2.2081,0.980261
R,15.2085,20.2156,-4.46728,2.38396,14.3677,21.3406,15.2799,20.2185,-4.34427,2.09347,5.31617
L,15.0443,20.3307,-4.36262,2.25773,15.2016,20.4385,15.0613,20.3203,-4.4008,1.97763,2.02982
R,14.812,20.4121,-4.46309,2.06932,14.7476,19.9571,14.84,20.4162,-4.4542,1.86068,2.30322
L,14.6024,20.5271,-4.48451,1.98841,14.6665,20.6088,14.6161,20.5063,-4.50443,1.74272,0.57155
R,14.3545,20.6208,-4.65182,1.84377,13.841,21.0031,14.3897,20.5904,-4.55149,1.62386,1.19752
L,14.1122,20.6895,-4.70485,1.67874,14.0521,20.5924,14.1611,20.6686,-4.59537,1.50421,0.692723
R,13.8678,20.7658,-4.81089,1.52079,13.8232,20.859,13.9304,20.7408,-4.63606,1.38386,0.224333
L,13.5844,20.8313,-4.9576,1.37758,13.4686,20.7253,13.6977,20.807,-4.67357,1.26294,1.34691
R,13.3299,20.8663,-5.08911,1.10871,13.8263,20.4261,13.4632,20.8671,-4.70789,1.14153,1.82208
L,13.098,20.8926,-5.03746,0.888388,13.1072,20.8294,13.2271,20.9211,-4.73904,1.01975,0.262472
R,12.8685,20.9524,-4.96588,0.78887,13.2669,21.1579,12.9895,20.969,-4.76702,0.897694,2.02794
L,12.7037,20.974,-4.75433,0.590459,12.8729,21.0592,12.7506,21.0108,-4.79186,0.775469,2.16994
R,12.445,21.0193,-4.83993,0.487533,11.5171,21.6724,12.5106,21.0465,-4.81358,0.653175,2.57525
L,12.1958,21.0563,-3.7315,3.17361,12.2062,21.11,12.2695,21.0761,-4.83219,0.530912,0.166983
R,11.9843,21.0615,-4.24676,2.27066,12.3859,21.1066,12.0276,21.0996,-4.84773,0.408778,2.627
L,11.7526,21.0374,-4.17281,2.40521,11.6814,20.8651,11.785,21.117,-4.86022,0.286869,2.59377
R,11.5134,20.9585,-2.20332,4.28107,11.5265,20.6748,11.5418,21.1283,-4.86971,0.165281,1.43431
L,11.414,21.0964,0.727263,4.80592,11.363,21.0688,11.2982,21.1335,-4.87623,0.0441057,0.207558
R,11.2482,21.0646,-0.0426292,4.40178,10.5558,20.5567,11.0544,21.1327,-4.87982,-0.076565,12.9881
L,11.0481,21.1532,-0.687746,4.15478,10.8903,20.927,10.8105,21.1259,-4.88053,-0.196643,5.18132
R,10.6584,21.1414,-3.42224,1.87598,9.30535,21.3896,10.5666,21.1131,-4.8784,-0.31604,9.63551
L,10.2931,21.2113,-1.651,3.70194,10.189,21.209,10.3229,21.0943,-4.87349,-0.434674,1.6251
R,10.1848,21.016,3.87624,0.775616,9.97958,21.2932,10.0795,21.0697,-4.86585,-0.552463,3.2282
L,10.1104,21.0764,3.10105,2.49067,9.99634,20.9797,9.83658,21.0391,-4.85554,-0.669327,1.69933
R,10.4127,20.7126,1.78687,-2.21547,9.38223,21.111,9.59422,21.0028,-4.84262,-0.785189,16.3421
L,10.0705,20.8839,2.11047,0.136112,9.53921,20.8762,9.35258,20.9607,-4.82714,-0.899977,22.2873
R,10.227,20.4323,0.342669,-1.11243,9.63392,20.9724,9.11177,20.9128,-4.80919,-1.01362,29.7019
L,9.73518,20.7104,-0.409777,0.326479,8.70331,20.8221,8.87192,20.8594,-4.78881,-1.12605,72.6939
R,9.78434,20.6495,0.736827,-0.379571,9.84634,20.009,8.63315,20.8003,-4.76608,-1.2372,86.8655
L,9.36506,20.8039,-0.460803,0.133719,8.22277,20.4839,8.39557,20.7358,-4.74108,-1.34701,83.1469
R,9.11842,21.0323,-2.07797,-0.363499,8.29647,20.4978,8.1593,20.6657,-4.71387,-1.45542,94.7995
L,8.69732,21.0391,-3.04745,-0.602047,7.88599,20.45,7.92445,20.5903,-4.68453,-1.56237,55.4646
R,8.43268,21.0171,-3.30666,-2.1311,8.29081,20.6565,7.69111,20.5096,-4.65313,-1.66781,9.56967
L,7.91462,20.9145,-4.47117,-2.33851,7.18029,20.392,7.45939,20.4237,-4.61975,-1.7717,47.5722
R,7.67835,20.8066,-4.35087,-2.23595,7.09214,20.1196,7.22939,20.3326,-4.58448,-1.87399,9.5832
L,7.23891,20.6762,-4.98813,-2.38673,6.81542,20.1859,7.00119,20.2364,-4.54738,-1.97462,23.2245
R,6.97218,20.592,-4.83186,-2.27003,6.89359,20.1536,6.7749,20.1352,-4.50854,-2.07357,4.24898
L,6.6302,20.4315,-4.98205,-2.60691,6.38914,20.0137,6.55059,20.0292,-4.46805,-2.17079,12.2492
R,6.39169,20.3383,-4.69619,-2.53539,6.67637,20.2142,6.32834,19.9183,-4.42598,-2.26625,2.30462
L,6.06642,20.1706,-4.80481,-2.84024,5.86119,19.8306,6.10823,19.8027,-4.38241,-2.35993,8.42444
R,5.81574,20.026,-4.60102,-2.92692,5.28178,19.5036,5.89034,19.6824,-4.33744,-2.45178,5.82572
L,5.66373,19.8102,-4.17441,-3.27182,5.69089,19.5755,5.67472,19.5577,-4.29114,-2.5418,3.25601
R,5.50069,19.6437,-3.71977,-3.22939,5.9506,18.9859,5.46145,19.4284,-4.24359,-2.62995,5.74396
L,5.25877,19.4848,-3.73609,-3.39741,5.17021,19.4397,5.25059,19.2948,-4.19488,-2.71622,0.662574
R,5.12673,19.351,-3.25312,-3.16015,5.87397,19.301,5.04219,19.157,-4.1451,-2.80059,5.09713
L,4.95176,19.1593,-3.13749,-3.35579,4.89149,18.982,4.8363,19.015,-4.09432,-2.88305,1.84856
R,4.77249,18.9965,-3.04239,-3.42866,3.98679,19.0452,4.63297,18.8689,-4.04263,-2.96359,2.06331
L,4.55976,18.8359,-3.09114,-3.52135,4.4685,18.834,4.43224,18.7188,-3.99012,-3.0422,0.629193
R,4.42773,18.6778,-2.77728,-3.36251,4.69245,18.4634,4.23416,18.5648,-3.93685,-3.11888,2.02795
L,4.28171,18.5054,-2.6813,-3.46609,4.26269,18.481,4.03876,18.4071,-3.88293,-3.19362,0.0544952
R,4.11165,18.3277,-2.80077,-3.79281,3.42434,18.8357,3.84606,18.2457,-3.82841,-3.26644,4.74318
L,3.75956,18.1753,-3.34676,-3.72792,3.45919,18.167,3.65611,18.0807,-3.77339,-3.33732,6.87501
R,3.61196,18.021,-3.08613,-3.49549,4.3011,17.9267,3.46891,17.9122,-3.71795,-3.40627,3.39996
L,3.32447,17.849,-3.42281,-3.50706,3.12525,17.7493,3.28449,17.7402,-3.66215,-3.47331,3.38769
R,3.13934,17.663,-3.48679,-3.72702,2.65664,17.888,3.10287,17.565,-3.60609,-3.53844,1.75911
L,2.93839,17.5363,-3.53112,-3.66469,2.9449,17.8154,2.92405,17.3866,-3.54982,-3.60167,4.19842
R,2.79299,17.3181,-3.44659,-3.95775,3.26647,17.0897,2.74805,17.2051,-3.49344,-3.66302,2.02027
L,2.59436,17.1172,-3.45897,-4.02342,2.55407,17.0853,2.57486,17.0205,-3.437,-3.72251,0.171233
R,2.42856,16.9508,-3.22952,-3.73322,2.55039,16.8884,2.4045,16.833,-3.38059,-3.78014,2.33592
L,2.25913,16.7763,-3.20224,-3.76055,2.25371,16.8334,2.23695,16.6427,-3.32428,-3.83595,0.179924
R,2.07515,16.5769,-3.16496,-3.73187,1.57735,16.0489,2.07221,16.4497,-3.26812,-3.88995,4.92726
L,1.91604,16.3438,-3.1066,-3.85781,1.88972,16.1054,1.91027,16.254,-3.21219,-3.94216,3.05062
R,1.7614,16.1653,-3.01729,-3.79745,1.74362,16.2687,1.75112,16.0557,-3.15656,-3.99261,0.295242
L,1.53954,15.9983,-3.17976,-3.79271,1.44745,16.0853,1.59474,15.8549,-3.10129,-4.04132,1.0972
R,1.39876,15.7656,-3.19079,-4.15874,1.6097,15.5526,1.44111,15.6517,-3.04644,-4.08832,2.47347
L,1.21988,15.5377,-3.18843,-4.23935,1.18395,15.4284,1.29021,15.4463,-2.99207,-4.13364,0.717561
R,1.0474,15.3448,-3.14601,-4.16597,0.828993,15.528,1.14201,15.2386,-2.93825,-4.1773,0.777117
L,0.822594,15.1188,-3.29951,-4.23184,0.722706,15.0075,0.996486,15.0288,-2.88503,-4.21933,1.38591
R,0.674928,14.9382,-3.15498,-4.06666,1.03147,15.2134,0.853604,14.8169,-2.83246,-4.25977,2.18091
L,0.610996,14.7273,-2.83807,-4.09764,0.737301,14.7047,0.71333,14.603,-2.78061,-4.29864,1.26204
R,0.484245,14.4847,-2.82366,-4.4138,0.722177,14.2445,0.575628,14.3872,-2.72952,-4.33598,2.20879
L,0.306792,14.2548,-2.8698,-4.47614,0.253435,14.2029,0.440459,14.1696,-2.67925,-4.37181,0.356895
R,0.154225,14.0011,-2.9111,-4.79887,-0.0328023,13.9604,0.307779,13.9502,-2.62984,-4.40617,1.48914
L,0.200362,13.7467,-2.24363,-4.81898,0.459172,13.6856,0.177545,13.7292,-2.58135,-4.43909,5.36855
R,0.0857276,13.5042,-2.17015,-4.93513,0.0524412,13.6377,0.0497099,13.5065,-2.53381,-4.47061,0.290525
L,-0.0912069,13.2621,-2.2766,-4.98662,-0.190344,13.2856,-0.0757753,13.2823,-2.48728,-4.50075,0.778994
R,-0.210791,13.045,-2.14707,-4.73158,-0.275043,13.1456,-0.198962,13.0566,-2.44179,-4.52955,1.43207
L,-0.16634,12.8288,-1.6354,-4.68771,0.0462308,12.9301,-0.319903,12.8295,-2.39739,-4.55704,3.97325
R,-0.276006,12.6019,-1.5688,-4.54577,-0.684792,12.3563,-0.438654,12.6011,-2.35412,-4.58326,2.52884
L,-0.401819,12.3722,-1.60876,-4.59322,-0.476482,12.3633,-0.555273,12.3714,-2.31202,-4.60823,0.416783
R,-0.519232,12.1637,-1.62471,-4.54938,-0.972122,12.5207,-0.669818,12.1404,-2.27111,-4.63198,3.22953
L,-0.591677,11.953,-1.52761,-4.54663,-0.582624,12.0386,-0.78235,11.9083,-2.23144,-4.65456,0.395097
R,-0.718503,11.7224,-1.59888,-4.58465,-1.26757,11.6495,-0.892931,11.6751,-2.19304,-4.67598,2.71412
L,-0.94405,11.4745,-1.96574,-4.64126,-1.17212,11.3988,-1.00163,11.4409,-2.15594,-4.69628,4.12225
R,-1.03774,11.2485,-1.87878,-4.48041,-0.891441,10.959,-1.1085,11.2057,-2.12017,-4.71549,1.74873
L,-1.23251,11.0235,-2.14919,-4.50431,-1.39289,11.0424,-1.21362,10.9695,-2.08575,-4.73364,1.88131
R,-1.31773,10.7752,-2.11181,-4.81975,-1.29894,10.9012,-1.31706,10.7324,-2.05273,-4.75075,1.7535
L,-1.45468,10.5139,-2.18094,-4.87857,-1.49687,10.4198,-1.41889,10.4945,-2.02111,-4.76686,0.619454
R,-1.5616,10.246,-2.16596,-5.05653,-1.59293,10.0212,-1.51917,10.2559,-1.99093,-4.78198,0.946799
L,-1.64117,10.0363,-2.03839,-4.98523,-1.61875,10.2374,-1.61797,10.0165,-1.96221,-4.79615,2.22797
R,-1.72733,9.80762,-1.93591,-4.86202,-1.59702,9.96554,-1.71539,9.77637,-1.93498,-4.80939,0.720619
L,-1.78237,9.59392,-1.77189,-4.80598,-1.73381,9.71347,-1.81147,9.53564,-1.90924,-4.82172,0.982593
R,-1.91627,9.33465,-1.8922,-5.00978,-2.27191,9.37316,-1.90631,9.29431,-1.88502,-4.83316,2.10858
L,-1.99663,9.03386,-1.80832,-5.1129,-1.93833,8.77028,-1.99998,9.05243,-1.86233,-4.84374,3.86843
R,-2.07244,8.81502,-1.70188,-4.89118,-1.96565,9.13274,-2.09256,8.81003,-1.8412,-4.85347,2.04083
L,-2.16586,8.5647,-1.68882,-4.92074,-2.1768,8.5411,-2.18412,8.56717,-1.82164,-4.86238,0.0409318
R,-2.31139,8.30213,-1.84343,-4.99795,-2.65862,8.19477,-2.27474,8.32388,-1.80365,-4.87047,2.326
L,-2.33043,8.08059,-1.58939,-4.9219,-2.21875,8.15339,-2.3645,8.0802,-1.78726,-4.87778,1.24129
R,-2.37125,7.87754,-1.42949,-4.8078,-2.273,8.52315,-2.45348,7.83617,-1.77248,-4.8843,5.44643
L,-2.49853,7.62196,-1.55429,-4.88426,-2.59674,7.60288,-2.54177,7.59184,-1.75931,-4.89006,0.704654
R,-2.66786,7.38099,-1.78196,-4.72697,-3.08256,7.38874,-2.62944,7.34723,-1.74777,-4.89507,4.57103
L,-2.77649,7.1277,-1.83682,-4.77235,-2.79865,7.064,-2.71658,7.10238,-1.73786,-4.89933,0.271027
R,-2.82492,6.89861,-1.6942,-4.88786,-2.79412,7.20818,-2.80326,6.85734,-1.72958,-4.90286,2.00633
L,-2.84108,6.7072,-1.45394,-4.73628,-2.74651,6.86867,-2.88957,6.61214,-1.72295,-4.90566,2.22057
R,-2.87177,6.50155,-1.28903,-4.46894,-2.57673,6.36755,-2.97559,6.36681,-1.71797,-4.90774,2.73622
L,-2.92901,6.2714,-1.24026,-4.48621,-2.90217,6.22989,-3.0614,6.12139,-1.71464,-4.90911,0.130018
R,-3.06786,6.01235,-1.44491,-4.70633,-3.50172,6.10796,-3.14709,5.87592,-1.71297,-4.90976,4.41025
L,-3.16993,5.72499,-1.52957,-4.84104,-3.1778,5.53101,-3.23274,5.63043,-1.71295,-4.9097,2.13842
R,-3.28355,5.47381,-1.64301,-4.7271,-3.19736,5.19093,-3.31843,5.38496,-1.71458,-4.90893,1.95156
L,-3.39485,5.20542,-1.74448,-4.81953,-3.43031,5.10507,-3.40424,5.13955,-1.71787,-4.90745,0.694362
R,-3.4571,4.96086,-1.65456,-4.90944,-3.4281,4.94644,-3.49026,4.89422,-1.72281,-4.90525,0.422069
L,-3.597,4.66105,-1.84679,-5.09447,-3.69435,4.52196,-3.57657,4.64902,-1.72939,-4.90233,1.86624
R,-3.70769,4.40315,-1.9378,-4.99334,-3.50501,4.17643,-3.66325,4.40398,-1.73763,-4.89868,1.6986
L,-3.86329,4.11371,-2.15277,-5.14456,-4.00238,4.04684,-3.75039,4.15913,-1.74749,-4.8943,1.537
R,-3.92559,3.88251,-1.967,-5.13737,-4.06447,4.10977,-3.83806,3.91452,-1.75899,-4.88918,1.89806
L,-3.98265,3.66761,-1.83445,-4.97191,-3.88053,3.75177,-3.92635,3.67019,-1.77212,-4.8833,1.12275
R,-4.0632,3.48633,-1.79798,-4.70204,-4.23729,3.88878,-4.01533,3.42616,-1.78686,-4.87666,3.87039
L,-4.15527,3.24348,-1.81424,-4.72472,-4.15119,3.21968,-4.10509,3.18248,-1.8032,-4.86925,0.0342168
R,-4.2774,2.97848,-1.94754,-4.80065,-4.27467,2.88187,-4.19571,2.93919,-1.82113,-4.86104,0.6563
L,-4.37723,2.69144,-1.9953,-4.93764,-4.32451,2.55034,-4.28727,2.69633,-1.84065,-4.85202,1.3018
R,-4.45828,2.4462,-1.92147,-4.93269,-4.38481,2.39989,-4.37985,2.45393,-1.86173,-4.84218,0.309507
L,-4.57049,2.16727,-1.97926,-5.05177,-4.61223,2.09192,-4.47352,2.21205,-1.88436,-4.83149,0.468481
R,-4.67527,1.94537,-2.1066,-4.91894,-4.29257,1.92854,-4.56836,1.97072,-1.90853,-4.81994,3.82111
L,-4.80234,1.65016,-2.20195,-5.09264,-4.86829,1.53442,-4.66444,1.72998,-1.93422,-4.80751,1.10655
R,-4.92307,1.39916,-2.28217,-5.08066,-4.98165,1.43611,-4.76186,1.48989,-1.9614,-4.79417,0.144452
L,-4.97362,1.19363,-2.16774,-4.85243,-4.66779,1.28643,-4.86066,1.25049,-1.99007,-4.7799,5.6092
R,-5.06035,1.00334,-2.09457,-4.62955,-4.98594,1.10894,-4.96095,1.01182,-2.02019,-4.76468,1.08812
L,-5.11495,0.790639,-2.02421,-4.51982,-4.85498,0.825661,-5.06277,0.77393,-2.05174,-4.74848,3.67019
R,-5.21845,0.458266,-2.10499,-4.9031,-4.84736,0.18101,-5.16621,0.536876,-2.08471,-4.73127,5.85342
L,-5.2915,0.225882,-2.06435,-4.83467,-5.1231,0.257311,-5.27133,0.300706,-2.11906,-4.71303,1.56351
R,-5.4003,-0.00326596,-1.98739,-4.71404,-5.99809,-0.290765,-5.3782,0.0654719,-2.15477,-4.69374,21.1249
L,-5.4674,-0.232913,-1.94026,-4.6792,-5.29972,-0.212982,-5.4869,-0.168772,-2.1918,-4.67335,1.51035
R,-5.58738,-0.384435,-2.07646,-4.46984,-5.64447,-0.144522,-5.59748,-0.401971,-2.23014,-4.65185,3.063
L,-5.72172,-0.552365,-2.16701,-4.28835,-5.85359,-0.445801,-5.71001,-0.634069,-2.26974,-4.62919,1.71707
R,-5.83695,-0.796199,-2.39961,-4.54019,-5.30947,-0.724468,-5.82456,-0.865006,-2.31058,-4.60536,5.13806
L,-5.93674,-1.09909,-2.37473,-4.75647,-5.87835,-1.26863,-5.94118,-1.09472,-2.35262,-4.58032,2.06006
R,-6.02227,-1.38924,-2.27599,-4.87377,-5.68069,-1.52871,-6.05993,-1.32316,-2.39581,-4.55404,2.96221
L,-6.16506,-1.58976,-2.37942,-4.72664,-6.27263,-1.50938,-6.18087,-1.55025,-2.44014,-4.52648,1.09343
R,-6.30485,-1.84095,-2.63289,-4.94088,-6.11355,-1.75966,-6.30406,-1.77593,-2.48555,-4.49762,2.23519
L,-6.41663,-2.10746,-2.62116,-4.98691,-6.34007,-2.13685,-6.42954,-2.00014,-2.532,-4.46742,0.394262
R,-6.56888,-2.29589,-2.6289,-4.66488,-6.99344,-2.17445,-6.55738,-2.22281,-2.57946,-4.43585,3.73347
L,-6.72316,-2.49722,-2.73013,-4.53909,-6.79288,-2.4458,-6.68761,-2.44386,-2.62788,-4.40288,0.474449
R,-6.88039,-2.70408,-2.82833,-4.44706,-7.14408,-2.67584,-6.82029,-2.66323,-2.6772,-4.36847,0.994524
L,-6.96785,-2.99442,-2.73077,-4.63417,-6.8003,-3.10086,-6.95546,-2.88084,-2.7274,-4.3326,2.48392
R,-7.0968,-3.2148,-2.67775,-4.49787,-7.13937,-3.22028,-7.09316,-3.09663,-2.7784,-4.29523,0.31963
L,-7.22202,-3.39323,-2.7207,-4.35166,-7.12118,-3.26434,-7.23344,-3.3105,-2.83017,-4.25632,1.49193
R,-7.36674,-3.65195,-2.75387,-4.44709,-7.77186,-4.08999,-7.37632,-3.5224,-2.88265,-4.21586,4.39376
L,-7.53194,-3.75704,-2.90559,-4.09214,-7.49009,-3.49081,-7.52184,-3.73223,-2.93579,-4.1738,4.55562
R,-7.67761,-3.96424,-3.01393,-4.13025,-7.52393,-3.88213,-7.67004,-3.93992,-2.98953,-4.13012,0.49265
L,-7.82906,-4.20466,-3.04599,-4.18784,-7.88049,-4.29783,-7.82094,-4.14538,-3.04381,-4.08479,0.648937
R,-7.98039,-4.42449,-3.0616,-4.16401,-8.08524,-4.57834,-7.97457,-4.34854,-3.09857,-4.03778,0.435083
L,-8.13868,-4.67505,-3.08834,-4.24627,-8.22492,-4.79812,-8.13095,-4.5493,-3.15376,-3.98906,1.25991
R,-8.28068,-4.87176,-2.93435,-4.00224,-8.453,-4.95621,-8.2901,-4.74759,-3.2093,-3.93862,1.62039
L,-8.40419,-5.09035,-2.90781,-4.03872,-8.33552,-5.1059,-8.45204,-4.94331,-3.26514,-3.88641,0.304942
R,-8.55832,-5.23949,-2.92125,-3.81287,-8.55062,-4.79248,-8.61678,-5.13637,-3.32121,-3.83242,2.65732
L,-8.74266,-5.43675,-3.02885,-3.78844,-8.91477,-5.51752,-8.78433,-5.32669,-3.37745,-3.77663,1.92545
R,-8.90514,-5.63084,-3.11983,-3.80446,-9.04115,-5.69364,-8.95469,-5.51417,-3.43377,-3.71901,0.31277
L,-9.05687,-5.81727,-3.14906,-3.76897,-9.03391,-5.80267,-9.12788,-5.69872,-3.49012,-3.65955,0.0392463
R,-9.20141,-5.95865,-3.11213,-3.55942,-8.86897,-5.41973,-9.30388,-5.88026,-3.54643,-3.59823,4.81913
L,-9.37701,-6.04354,-3.22573,-3.28289,-9.30811,-5.82368,-9.4827,-6.05868,-3.60261,-3.53503,3.19722
R,-9.55744,-6.22435,-3.38422,-3.34349,-9.80646,-6.41174,-9.66432,-6.23389,-3.6586,-3.46994,1.36478
L,-9.68708,-6.45251,-3.3164,-3.47441,-9.62547,-6.55958,-9.84874,-6.4058,-3.71431,-3.40295,1.08557
R,-9.91778,-6.60585,-3.64719,-3.47054,-10.6688,-6.35543,-10.0359,-6.57431,-3.76969,-3.33404,6.71439
L,-10.1236,-6.7825,-3.74346,-3.41542,-10.2246,-6.83402,-10.2259,-6.73933,-3.82463,-3.26321,0.68553
R,-10.3123,-6.93864,-3.82309,-3.34347,-10.2205,-6.71044,-10.4186,-6.90075,-3.87907,-3.19046,0.641447
L,-10.5444,-7.13596,-3.94538,-3.34102,-10.7616,-7.29159,-10.614,-7.05849,-3.93293,-3.11577,3.78476
R,-10.7561,-7.26752,-4.0263,-3.16946,-10.8944,-6.83335,-10.8121,-7.21245,-3.98613,-3.03916,1.5683
L,-11.0046,-7.44166,-4.17133,-3.11447,-11.2219,-7.56979,-11.0128,-7.36252,-4.03859,-2.96062,3.38046
R,-11.195,-7.57445,-4.08338,-2.92104,-10.986,-7.3707,-11.2161,-7.50862,-4.09021,-2.88015,1.34553
L,-11.3309,-7.73991,-3.97697,-2.94743,-11.0934,-7.6776,-11.422,-7.65064,-4.14093,-2.79777,3.34591
R,-11.5282,-7.8606,-4.01682,-2.81808,-11.4213,-7.46085,-11.6304,-7.78849,-4.19066,-2.71349,1.59723
L,-11.7012,-7.96423,-4.01588,-2.68279,-11.5269,-7.8215,-11.8413,-7.92208,-4.23932,-2.6273,2.69849
R,-11.8945,-8.07373,-3.92019,-2.4777,-11.9422,-7.88317,-12.0546,-8.05131,-4.28682,-2.53924,0.706619
L,-12.1025,-8.16092,-3.9967,-2.31913,-12.09,-8.08828,-12.2702,-8.17609,-4.33309,-2.44932,0.34671
R,-12.3363,-8.28434,-4.40046,-2.42648,-12.4462,-8.02117,-12.4881,-8.29633,-4.37802,-2.35756,2.57817
L,-12.541,-8.37119,-4.42444,-2.27143,-12.4231,-8.2599,-12.7082,-8.41193,-4.42156,-2.26399,1.40885
R,-12.7476,-8.45224,-4.25555,-2.01096,-12.7461,-8.19449,-12.9304,-8.5228,-4.4636,-2.16863,1.37519
L,-13.0278,-8.54491,-4.43707,-1.86204,-13.2911,-8.64594,-13.1547,-8.62886,-4.50407,-2.07151,4.29753
R,-13.2865,-8.63678,-4.6898,-1.8063,-13.7929,-8.47158,-13.381,-8.73002,-4.54289,-1.97267,2.57001
L,-13.5057,-8.68964,-4.70843,-1.61996,-13.384,-8.57583,-13.6092,-8.82619,-4.57997,-1.87214,1.49144
R,-13.7207,-8.72545,-4.49039,-1.31732,-13.6376,-8.26343,-13.8392,-8.91729,-4.61524,-1.76997,2.8893
L,-13.9342,-8.85162,-4.48103,-1.36914,-13.9959,-8.99264,-14.0709,-9.00324,-4.64861,-1.6662,1.42186
R,-14.1982,-8.93098,-4.88669,-1.3945,-14.4737,-8.79552,-14.3043,-9.08395,-4.68001,-1.56086,2.55455
L,-14.4176,-9.06461,-4.83488,-1.48503,-14.4273,-9.1875,-14.5391,-9.15936,-4.70936,-1.45402,1.03165
R,-14.6448,-9.13703,-4.71011,-1.3546,-14.5757,-9.32634,-14.7754,-9.22939,-4.73658,-1.34573,0.486313
L,-14.9403,-9.12601,-4.88475,-1.02073,-15.062,-9.04396,-15.013,-9.29397,-4.76161,-1.23603,1.55949
R,-15.2038,-9.19629,-4.93948,-0.953945,-15.6189,-9.69365,-15.2517,-9.35302,-4.78436,-1.125,4.51869
L,-15.4632,-9.33149,-4.95004,-1.07896,-15.6682,-9.56749,-15.4916,-9.40649,-4.80476,-1.01269,5.41174
R,-15.7,-9.36864,-4.72788,-0.879982,-15.9382,-9.35751,-15.7324,-9.45431,-4.82275,-0.899159,1.54948
L,-15.9489,-9.45973,-4.75217,-0.904872,-16.0862,-9.59819,-15.9741,-9.49642,-4.83827,-0.784484,2.07629
R,-16.1972,-9.47438,-4.73723,-0.717905,-16.6033,-8.85459,-16.2164,-9.53277,-4.85124,-0.668734,1.9013
L,-16.4464,-9.45974,-4.78907,-0.48929,-16.4229,-9.37029,-16.4594,-9.5633,-4.8616,-0.55198,0.556066
R,-16.6541,-9.47133,-4.70764,-0.369468,-16.011,-9.33486,-16.7027,-9.58797,-4.8693,-0.434301,4.71484
L,-16.9447,-9.44224,-4.83552,-0.108322,-17.1132,-9.43043,-16.9464,-9.60673,-4.87427,-0.315773,1.70939
R,-17.1956,-9.50763,-4.99575,-0.190973,-16.9255,-10.8571,-17.1903,-9.61954,-4.87646,-0.196479,7.98408
L,-17.4601,-9.52509,-5.02648,-0.104475,-17.5448,-9.57485,-17.4342,-9.62636,-4.87583,-0.0765024,0.51188
R,-17.7173,-9.51695,-4.92521,0.0568439,-18.1371,-9.39146,-17.6781,-9.62717,-4.87232,0.0440703,1.65986
L,-17.9743,-9.47732,-4.95441,0.266291,-17.9724,-9.42299,-17.9216,-9.62194,-4.86588,0.165151,0.211148
R,-18.2154,-9.44478,-4.84395,0.436736,-18.3083,-9.18778,-18.1648,-9.61064,-4.85648,0.286648,0.417661
L,-18.3974,-9.50959,-4.68789,0.280693,-18.2763,-9.60997,-18.4074,-9.59325,-4.84408,0.40847,1.8213
R,-18.6313,-9.50132,-4.84003,0.338053,-18.2443,-9.58547,-18.6493,-9.56977,-4.82864,0.530522,1.75912
L,-18.8862,-9.48559,-4.85876,0.429838,-18.9545,-9.51544,-18.8904,-9.54017,-4.81012,0.652707,0.294429
R,-19.1146,-9.44797,-4.89269,0.548227,-18.6983,-9.02886,-19.1305,-9.50447,-4.78851,0.774927,3.77126
L,-19.3783,-9.30311,-4.93889,0.979319,-19.2983,-9.09865,-19.3694,-9.46265,-4.76378,0.897083,3.1108
R,-19.6125,-9.2244,-4.75205,1.17404,-19.7037,-8.79906,-19.6069,-9.41472,-4.73591,1.01907,1.04408
L,-19.8732,-9.0838,-4.77051,1.53876,-19.8731,-8.96417,-19.8431,-9.36071,-4.70487,1.1408,1.05179
R,-20.1189,-8.96724,-4.78423,1.79147,-20.3815,-7.6755,-20.0775,-9.30061,-4.67066,1.26215,4.73924
L,-20.2469,-9.17412,-4.42505,1.04288,-20.1607,-9.59663,-20.3102,-9.23446,-4.63328,1.38303,14.3252
R,-20.4837,-9.14022,-4.54174,1.08556,-20.4587,-9.7448,-20.5409,-9.16227,-4.59271,1.50334,1.63515
L,-20.7152,-9.02326,-4.55072,1.33121,-20.6596,-8.91527,-20.7696,-9.08409,-4.54895,1.62296,0.930276
R,-20.9592,-8.94308,-4.51511,1.46008,-21.5568,-8.5005,-20.9959,-8.99994,-4.50202,1.74179,2.62067
L,-21.1523,-8.87583,-4.42228,1.51496,-21.0195,-8.85081,-21.2198,-8.90987,-4.45191,1.85972,0.984488
R,-21.3852,-8.79374,-4.36166,1.61878,-21.8628,-8.64129,-21.4412,-8.81393,-4.39865,1.97666,1.99185
L,-21.5678,-8.78191,-4.24381,1.49949,-21.5029,-8.87191,-21.6597,-8.71217,-4.34224,2.0925,0.932362
R,-21.7516,-8.66152,-3.93027,1.6451,-21.9514,-7.41274,-21.8754,-8.60465,-4.2827,2.20712,5.49076
L,-21.9532,-8.57153,-3.90641,1.74931,-21.9793,-8.57089,-22.0881,-8.49143,-4.22007,2.32043,0.0385897
R,-22.1627,-8.4694,-4.06989,1.90559,-22.1914,-7.70392,-22.2975,-8.37258,-4.15437,2.43232,2.4829
L,-22.4079,-8.34596,-4.11371,2.08642,-22.5838,-8.35296,-22.5035,-8.24817,-4.08564,2.5427,1.71015
R,-22.5946,-8.24166,-3.96753,2.15047,-22.3177,-8.57758,-22.7061,-8.11829,-4.01391,2.65145,0.701042
L,-22.8654,-7.93333,-4.04028,2.86575,-22.9861,-7.6724,-22.9049,-7.98301,-3.93923,2.75848,6.37081
R,-23.0584,-7.77938,-3.76982,2.97811,-23.2693,-8.32031,-23.1,-7.84243,-3.86163,2.8637,2.90208
L,-23.2917,-7.58418,-3.75276,3.26062,-23.4777,-7.56583,-23.2911,-7.69663,-3.78118,2.967,1.98721
R,-23.4977,-7.43373,-3.89107,3.38301,-23.473,-7.02103,-23.4781,-7.54572,-3.69792,3.06828,2.11665
L,-23.6541,-7.31352,-3.72205,3.31893,-23.5408,-7.36069,-23.6609,-7.3898,-3.61191,3.16746,0.95376
R,-23.8516,-7.13626,-3.71706,3.47304,-24.0505,-6.56968,-23.8393,-7.22897,-3.52321,3.26445,0.82543
L,-23.9949,-7.09403,-3.52616,3.15833,-23.9384,-7.26171,-24.0132,-7.06336,-3.43189,3.35916,2.4908
R,-24.1641,-6.90898,-3.39298,3.2955,-24.3577,-5.94086,-24.1825,-6.89307,-3.33801,3.45149,1.91295
L,-24.3386,-6.61732,-3.31859,3.74958,-24.2574,-6.4352,-24.347,-6.71823,-3.24166,3.54138,2.7467
R,-24.5067,-6.43945,-3.14545,3.79211,-24.788,-7.18367,-24.5066,-6.53896,-3.14289,3.62873,3.46754
L,-24.5844,-6.35106,-2.89029,3.54336,-24.3008,-6.43799,-24.6612,-6.35538,-3.0418,3.71347,5.26923
R,-24.7246,-6.16889,-2.81346,3.643,-24.6108,-6.00878,-24.8107,-6.16764,-2.93846,3.79553,0.322532
L,-24.9157,-5.93943,-2.80923,3.88013,-25.146,-5.91902,-24.955,-5.97587,-2.83295,3.87484,2.96686
R,-25.0486,-5.72847,-2.72144,4.01254,-24.8975,-5.02285,-25.094,-5.7802,-2.72537,3.95132,1.81314
L,-25.1766,-5.57563,-2.60067,3.93739,-25.1941,-5.64372,-25.2276,-5.58079,-2.61581,4.02492,0.366814
R,-25.3317,-5.38631,-2.64854,4.02484,-25.5328,-5.4399,-25.3556,-5.37777,-2.50435,4.09557,1.19575
L,-25.4843,-5.14253,-2.59457,4.21968,-25.5713,-5.10241,-25.4779,-5.1713,-2.39109,4.16322,0.570376
R,-25.6133,-4.97132,-2.59397,4.18838,-25.0178,-6.55904,-25.5946,-4.96152,-2.27613,4.22781,5.93741
L,-25.7253,-4.82341,-2.47175,4.04948,-25.6952,-4.89995,-25.7055,-4.7486,-2.15956,4.2893,0.534576
R,-25.8452,-4.61501,-2.39194,4.11513,-25.8162,-4.40681,-25.8105,-4.53268,-2.04149,4.34764,0.11555
L,-25.9667,-4.34671,-2.31428,4.34786,-25.9516,-4.26659,-25.9096,-4.31392,-1.92202,4.40279,0.510586
R,-26.0735,-4.12503,-1.99863,4.32171,-26.8953,-4.43966,-26.0027,-4.0925,-1.80125,4.45471,11.4254
L,-26.1706,-3.80855,-1.85941,4.67271,-26.1198,-3.67723,-26.0897,-3.86856,-1.67928,4.50337,1.45765
R,-26.2451,-3.56334,-1.55589,4.71462,-26.5652,-3.85723,-26.1706,-3.64227,-1.55623,4.54875,3.02346
L,-26.2681,-3.30192,-1.29785,4.81747,-25.9974,-3.24722,-26.2453,-3.41381,-1.4322,4.59081,4.05534
R,-26.3198,-3.05363,-1.07982,4.87192,-26.2976,-3.01078,-26.3138,-3.18332,-1.30729,4.62954,0.116799
L,-26.3353,-2.84489,-0.856256,4.7843,-26.1741,-2.87885,-26.376,-2.95098,-1.18162,4.66493,1.50112
R,-26.3944,-2.63249,-0.786588,4.73722,-26.4681,-3.44967,-26.4319,-2.71697,-1.05529,4.69696,1.79749
L,-26.4612,-2.54043,-0.706709,4.33126,-26.674,-2.73852,-26.4815,-2.48143,-0.928411,4.72562,5.33624
R,-26.5172,-2.31607,-0.677547,4.39157,-26.657,-1.72382,-26.5247,-2.24456,-0.80109,4.75091,1.41271
L,-26.5657,-2.12777,-0.584717,4.31989,-26.6691,-2.17333,-26.5616,-2.0065,-0.673434,4.77284,0.71427
R,-26.5973,-1.90081,-0.53531,4.37519,-26.3248,-1.32261,-26.5921,-1.76744,-0.545553,4.79141,2.15528
L,-26.5991,-1.61794,-0.373467,4.57473,-26.4671,-1.53207,-26.6161,-1.52753,-0.417552,4.80664,1.47496
R,-26.5943,-1.4034,-0.155132,4.53249,-26.4998,-2.19526,-26.6338,-1.28695,-0.289538,4.81852,1.52069
L,-26.5993,-1.16159,-0.0191895,4.58185,-26.5998,-1.14277,-26.6451,-1.04586,-0.161616,4.8271,0.0285724
R,-26.6291,-0.950127,0.0314664,4.53267,-27.2008,-1.67679,-26.65,-0.804425,-0.0338883,4.83238,5.10427
L,-26.6434,-0.665296,0.135444,4.71322,-26.7355,-0.59539,-26.6485,-0.562811,0.0935412,4.83439,0.853097
R,-26.6299,-0.417265,0.344756,4.75671,-26.9891,0.0351487,-26.6406,-0.321181,0.220572,4.83317,2.31431
L,-26.585,-0.0727462,0.569427,5.06242,-26.4553,0.0602653,-26.6264,-0.0796947,0.347104,4.82874,2.30666
R,-26.5658,0.180233,0.714046,5.05321,-26.9537,0.136943,-26.6059,0.161489,0.473041,4.82116,2.7537
L,-26.5412,0.496896,0.859581,5.22924,-26.6201,0.57588,-26.5792,0.402213,0.598287,4.81045,0.83326
R,-26.5304,0.747588,0.855986,5.15735,-26.8241,0.381506,-26.5462,0.642323,0.722748,4.79667,1.90938
L,-26.5236,1.02817,0.922443,5.21346,-26.7293,1.06082,-26.5069,0.881666,0.846334,4.77986,2.32009
R,-26.4837,1.31844,0.928587,5.25945,-25.9562,2.60409,-26.4616,1.12009,0.968955,4.76007,6.18096
L,-26.4307,1.51,1.03642,5.0218,-26.3986,1.42212,-26.4101,1.35745,1.09053,4.73737,0.670978
R,-26.3909,1.71186,1.07644,4.8406,-26.5072,-0.563928,-26.3526,1.59361,1.21096,4.71181,8.57916
L,-26.3417,1.88106,1.14598,4.59855,-26.3594,1.79315,-26.2891,1.82841,1.33018,4.68345,0.644704
R,-26.2726,2.10449,1.30833,4.57149,-26.3475,1.82827,-26.2197,2.06173,1.44811,4.65235,0.431666
L,-26.2159,2.26531,1.36937,4.33941,-26.2502,2.18481,-26.1444,2.29342,1.56467,4.61859,0.59621
R,-26.1537,2.47468,1.40373,4.2615,-26.069,2.27896,-26.0633,2.52336,1.67979,4.58223,0.454186
L,-26.0751,2.74063,1.52858,4.38975,-26.0641,2.80701,-25.9765,2.75141,1.79339,4.54334,0.362969
R,-25.9791,2.96101,1.79691,4.40923,-26.3234,3.02388,-25.8841,2.97746,1.90543,4.502,3.11813
L,-25.8697,3.28786,1.98658,4.68188,-25.8345,3.42005,-25.7861,3.20139,2.01582,4.45828,1.49109
R,-25.7857,3.52645,2.07287,4.65283,-26.1824,3.73376,-25.6826,3.42306,2.12452,4.41227,2.09371
L,-25.6823,3.70424,2.16096,4.43963,-25.6666,3.63509,-25.5737,3.64239,2.23146,4.36404,0.386147
R,-25.5665,3.90676,2.29163,4.33436,-25.5773,3.13316,-25.4596,3.85924,2.3366,4.31367,1.13415
L,-25.5054,4.05521,2.26982,4.08032,-25.7492,3.99968,-25.3402,4.07353,2.43989,4.26125,3.54868
R,-25.3844,4.2463,2.38973,3.99006,-25.3516,3.75691,-25.2157,4.28514,2.54127,4.20686,0.541745
L,-25.218,4.49227,2.60185,4.06224,-25.0214,4.52803,-25.0863,4.49399,2.64071,4.15058,2.24274
R,-25.0692,4.68127,2.63032,3.9076,-24.2719,4.30917,-24.9518,4.69998,2.73817,4.09251,8.97226
L,-24.9525,4.87413,2.6964,3.83874,-25.0363,4.88499,-24.8126,4.90303,2.83361,4.03273,0.378442
R,-24.797,5.06005,2.81851,3.75429,-24.3609,4.95947,-24.6686,5.10304,2.92701,3.97132,2.32209
L,-24.6226,5.30024,2.99712,3.83913,-24.5041,5.35293,-24.5201,5.29995,3.01833,3.90839,1.04144
R,-24.4496,5.48156,3.23801,3.77502,-24.4379,5.24592,-24.367,5.49367,3.10754,3.84401,0.761416
L,-24.2596,5.65432,3.38252,3.64158,-24.1159,5.61152,-24.2095,5.68414,3.19464,3.77827,1.19377
R,-24.0968,5.80992,3.50223,3.49242,-24.5638,4.75836,-24.0477,5.8713,3.27959,3.71127,3.03909
L,-23.9216,5.96625,3.59014,3.34268,-23.9153,5.94377,-23.8818,6.05508,3.36239,3.64309,0.0397245
R,-23.7819,6.13783,3.3027,3.13638,-23.5491,6.44495,-23.7117,6.23542,3.44302,3.57383,4.21445
L,-23.6214,6.29004,3.36627,3.04682,-23.6471,6.29102,-23.5377,6.41227,3.52148,3.50357,0.0357604
R,-23.4762,6.44544,3.32107,2.94721,-23.7544,6.53746,-23.3598,6.58559,3.59775,3.4324,1.26403
L,-23.2368,6.72354,3.57641,3.25414,-23.0099,6.86182,-23.1781,6.75533,3.67185,3.36041,4.68323
R,-23.0433,6.85371,3.63484,3.08683,-22.7862,5.74143,-22.9928,6.92146,3.74376,3.28768,5.44966
L,-22.8271,7.04179,3.77849,3.11707,-22.6991,7.063,-22.804,7.08393,3.8135,3.21431,0.973282
R,-22.6133,7.17772,3.97112,3.00897,-22.418,6.76159,-22.6117,7.24273,3.88106,3.14038,1.71113
L,-22.4324,7.31428,3.99454,2.88402,-22.5083,7.31524,-22.4161,7.39782,3.94647,3.06598,0.318094
R,-22.1964,7.4591,4.35407,2.85,-22.0543,7.85452,-22.2173,7.54917,4.00974,2.99118,2.02268
L,-22.011,7.62062,4.37138,2.80225,-22.1947,7.69478,-22.0154,7.69679,4.07087,2.91607,2.08583
R,-21.8224,7.80578,4.17461,2.78843,-21.6178,9.0351,-21.8105,7.84064,4.12989,2.84074,5.58584
L,-21.62,7.93919,4.21424,2.69156,-21.6473,7.94,-21.6026,7.98072,4.18681,2.76526,0.0412436
R,-21.4306,8.06892,4.18496,2.58853,-21.8637,7.78661,-21.392,8.11703,4.24166,2.68971,1.54106
L,-21.227,8.06142,4.13328,2.13077,-21.0853,7.83229,-21.1787,8.24957,4.29447,2.61417,4.56625
R,-21.0389,8.19814,3.9241,2.06204,-20.5503,9.28616,-20.9628,8.37833,4.34526,2.53871,4.85048
L,-20.8645,8.36342,3.95938,2.14689,-21.0519,8.50983,-20.7444,8.50333,4.39406,2.46341,3.11168
R,-20.6168,8.48448,4.31776,2.16172,-19.9265,9.40847,-20.5237,8.62457,4.4409,2.38835,5.20524
L,-20.3538,8.64662,4.47829,2.2416,-20.21,8.68914,-20.3006,8.74206,4.48582,2.31358,1.40437
R,-20.156,8.77567,4.28075,2.19045,-20.2277,8.8532,-20.0753,8.85583,4.52884,2.23919,1.23871
L,-19.9681,8.86587,4.25319,2.06772,-20.0633,8.86724,-19.848,8.96589,4.57001,2.16524,0.512362
R,-19.7739,8.96967,4.13818,1.98757,-19.9264,8.78179,-19.6186,9.07227,4.60937,2.09179,0.553388
L,-19.5606,9.03717,4.16003,1.84568,-19.4861,8.96665,-19.3873,9.17499,4.64694,2.01891,0.586371
R,-19.3126,9.15511,4.41366,1.87947,-18.5719,10.2069,-19.1542,9.27409,4.68278,1.94666,4.98732
L,-19.0113,9.26873,4.61558,1.8843,-18.6786,9.19191,-18.9193,9.36959,4.71692,1.8751,6.30321
R,-18.7961,9.34926,4.63469,1.77414,-19.2825,8.98189,-18.6827,9.46154,4.7494,1.80429,1.66888
L,-18.5311,9.46375,4.74643,1.78317,-18.4242,9.46852,-18.4446,9.54996,4.78028,1.73429,0.673748
R,-18.261,9.50231,5.04051,1.56417,-18.1634,8.72444,-18.2049,9.63492,4.80959,1.66514,5.03491
L,-17.9411,9.66026,5.2628,1.71867,-17.7736,9.72478,-17.9639,9.71643,4.83737,1.59691,2.17007
R,-17.6843,9.77395,5.05478,1.72911,-17.2296,9.97767,-17.7214,9.79457,4.86368,1.52964,2.97435
L,-17.4095,9.87775,5.13348,1.72149,-17.3436,9.88109,-17.4777,9.86936,4.88856,1.46338,0.261704
R,-17.1513,9.96968,5.19149,1.67515,-17.1554,10.212,-17.2328,9.94087,4.91205,1.39818,0.326747
L,-16.88,10.0876,5.25934,1.71371,-16.8876,10.145,-16.9868,10.0091,4.93421,1.33408,0.234864
R,-16.6151,10.1681,5.2926,1.63967,-16.5958,10.1078,-16.7396,10.0743,4.95507,1.27113,0.0370702
L,-16.382,10.2511,5.24774,1.5707,-16.5153,10.3091,-16.4915,10.1362,4.97469,1.20937,1.13027
R,-16.1142,10.334,5.33502,1.51984,-16.09,10.5824,-16.2424,10.1952,4.99311,1.14883,0.378446
L,-15.9138,10.308,5.13471,1.15972,-16.006,10.1843,-15.9924,10.2511,5.01039,1.08956,1.88309
R,-15.6672,10.3703,5.06826,1.09797,-15.7234,10.41,-15.7416,10.3041,5.02655,1.03159,0.179816
L,-15.4813,10.3224,4.85774,0.749513,-15.5699,10.1904,-15.4899,10.3543,5.04166,0.974957,1.98282
R,-15.1674,10.3721,5.29616,0.684069,-14.2385,10.9109,-15.2376,10.4016,5.05576,0.919692,7.43702
L,-14.9028,10.4235,5.32293,0.631315,-14.9365,10.4722,-14.9846,10.4462,5.06889,0.865828,0.196789
R,-14.6717,10.443,3.66003,3.3431,-14.724,9.63507,-14.7309,10.4882,5.0811,0.813394,6.29405
L,-14.4848,10.4046,3.54402,3.23372,-14.4088,10.222,-14.4766,10.5276,5.09243,0.762418,3.28683
R,-14.1794,10.3759,4.22254,2.34601,-13.9005,10.5238,-14.2218,10.5645,5.10293,0.712926,1.72908
L,-13.8805,10.7441,-0.233154,5.11343,-13.8049,10.9383,-13.9665,10.5989,5.11263,0.664944,4.71575
R,-13.5491,10.7291,3.82925,3.26596,-13.3956,10.7857,-13.7107,10.631,5.12159,0.618496,4.66389
L,-13.3893,10.7317,3.3413,3.66295,-13.3556,10.5517,-13.4545,10.6608,5.12983,0.573603,2.44791
R,-13.0678,10.6997,4.42986,2.28213,-12.9374,10.8137,-13.1979,10.6884,5.13741,0.530288,1.42506
L,-12.8978,10.8928,0.439082,5.00633,-12.9591,11.0099,-12.9409,10.7138,5.14436,0.48857,1.33567
R,-12.541,10.8858,4.30633,2.43965,-12.2518,11.2495,-12.6836,10.7373,5.15071,0.448467,5.07066
L,-12.3907,10.8333,4.12795,2.53784,-12.3713,10.6091,-12.426,10.7587,5.15651,0.409997,3.65776
R,-12.1178,10.8006,-2.98111,3.91281,-11.9352,10.9161,-12.1681,10.7783,5.16179,0.373177,0.890638
L,-11.9971,11.0069,-1.86577,4.6017,-11.9451,11.0515,-11.91,10.7961,5.16658,0.338022,0.886671
R,-11.6231,11.006,1.09203,4.52129,-10.9703,10.9676,-11.6516,10.8121,5.17092,0.304546,7.91791
L,-11.5105,11.0302,0.0839469,4.57032,-11.4548,10.9407,-11.393,10.8265,5.17484,0.272761,1.04904
R,-11.2161,10.8374,3.22984,2.72458,-11.3472,10.5111,-11.1342,10.8394,5.17836,0.242681,6.38942
L,-10.7715,10.8791,-1.30886,4.18244,-10.6009,10.6823,-10.8753,10.8509,5.18153,0.214317,5.94901
R,-10.5706,10.8444,0.709789,3.9528,-10.6563,10.8369,-10.6161,10.8609,5.18435,0.187679,3.33868
L,-10.4599,10.9249,-2.63155,2.99997,-10.4142,10.8747,-10.3569,10.8697,5.18687,0.162776,0.397959
R,-10.2729,10.8671,-0.837164,-3.64478,-9.90413,11.2255,-10.0976,10.8772,5.1891,0.139618,3.9647
L,-10.0818,10.9286,-2.75867,-2.81281,-9.83445,11.1032,-9.83809,10.8837,5.19106,0.118212,8.10349
R,-10.1111,10.5909,0.266642,-4.51212,-10.195,10.3498,-9.57852,10.8891,5.19278,0.0985664,2.74777
L,-9.86587,10.5863,0.570339,-4.14745,-9.3066,11.0348,-9.31887,10.8936,5.19428,0.0806865,33.045
R,-9.81624,10.3843,0.520968,-4.04411,-9.2226,10.3527,-9.05915,10.8972,5.19557,0.0645787,3.17305
L,-9.46364,10.511,1.22854,-2.71591,-8.78899,11.0707,-8.79937,10.9001,5.19667,0.050248,52.2001
R,-9.37774,10.3222,1.32241,-3.03242,-8.83914,10.0319,-8.53953,10.9023,5.19759,0.0376992,4.79355
L,-9.09513,10.3551,1.7199,-2.37403,-8.62045,10.6577,-8.27965,10.9039,5.19835,0.0269359,21.1629
R,-8.95589,10.2812,1.85983,-2.27376,-7.91543,11.1157,-8.01974,10.905,5.19896,0.0179617,11.2579
L,-8.45485,10.4865,2.43509,-1.12683,-7.51971,11.0005,-7.75979,10.9057,5.19942,0.0107791,74.8587
R,-8.28826,10.4151,2.73057,-1.17225,-7.25987,10.6458,-7.49981,10.9061,5.19975,0.00539029,9.23248
L,-7.87325,10.5339,3.27562,-0.309754,-7.15631,10.815,-7.23983,10.9063,5.19994,0.00179692,37.4129
