SensorType,Px_pred,Py_pred,Vx_pred,Vy_pred,Px_meas,Py_meas,Px_gt,Py_gt,Vx_gt,Vy_gt,NIS
L,0.312243,0.58034,0,0,0.312243,0.58034,0.6,0.6,5.19994,0,6.92649e-310
R,0.714307,0.588456,7.07612,5.02867e-17,0.862916,0.534212,0.859997,0.600045,5.19975,0.00179686,74.2962
L,1.16103,0.493474,7.06177,-0.486664,1.17385,0.481073,1.11998,0.600225,5.19943,0.00538996,0.184894
R,1.27663,0.513677,6.94374,1.34934,0.969149,0.397513,1.37996,0.600629,5.19898,0.0107781,1.81002
L,1.61362,0.594645,6.88095,1.72126,1.65063,0.62469,1.6399,0.601347,5.19839,0.0179597,0.201185
R,1.82145,0.569773,6.30507,0.592165,1.62331,0.499091,1.89982,0.60247,5.19766,0.0269323,4.23524
L,2.15296,0.616063,6.31019,0.686505,2.18882,0.648739,2.1597,0.604086,5.19678,0.0376932,0.160437
R,2.36893,0.643569,5.56485,0.504338,1.96701,0.557117,2.41954,0.606284,5.19573,0.0502389,7.68141
L,2.64752,0.666668,5.573,0.440928,2.65526,0.66598,2.67932,0.609155,5.1945,0.0645654,0.00356139
R,2.9146,0.656661,5.50453,0.119645,2.92034,0.645898,2.93904,0.612786,5.19309,0.080668,0.468934
L,3.14963,0.654218,5.46279,0.033631,3.01222,0.637046,3.19869,0.617267,5.19147,0.0985415,1.08383
R,3.43751,0.5466,5.43251,-0.85822,3.56096,0.485311,3.45825,0.622685,5.18963,0.11818,1.5108
L,3.74255,0.431551,5.3457,-1.58081,3.89365,0.311793,3.71772,0.62913,5.18754,0.139576,2.25443
R,4.02191,0.517427,5.48257,-0.786531,4.19786,0.698311,3.97708,0.636689,5.18519,0.162724,4.05531
L,4.29588,0.50866,5.46853,-0.754973,4.30935,0.578564,4.23632,0.645449,5.18256,0.187614,0.334005
R,4.55537,0.545646,5.40225,-0.510948,4.61908,0.68951,4.49542,0.655498,5.17962,0.214238,1.89321
L,4.74104,0.655773,5.24569,0.0682107,4.35143,0.899174,4.75437,0.666921,5.17634,0.242587,12.3079
R,4.99292,0.654307,5.17375,0.0201453,5.20902,0.66599,5.01315,0.679804,5.1727,0.272649,1.66072
L,5.29426,0.648687,5.23371,-0.0376589,5.51894,0.648233,5.27175,0.694234,5.16867,0.304413,2.6801
R,5.55284,0.655311,5.26916,-0.0155524,5.22835,0.639362,5.53013,0.710295,5.16422,0.337868,1.76897
L,5.84733,0.669922,5.30872,0.0156158,6.022,0.708619,5.78828,0.728072,5.15932,0.372999,1.69802
R,6.09014,0.595548,5.2259,-0.27036,5.89392,0.373584,6.04618,0.747647,5.15393,0.409793,3.556
L,6.34462,0.708986,5.20524,0.121776,6.34249,0.948833,6.30379,0.769103,5.14803,0.448233,3.92148
R,6.59501,0.739704,5.1618,0.192814,6.62134,0.836138,6.5611,0.792523,5.14157,0.488305,0.546073
L,6.84222,0.738268,5.14992,0.160856,6.78214,0.714036,6.81808,0.817988,5.13452,0.52999,0.225772
R,7.08522,0.720933,5.06128,0.0771706,7.29121,0.630741,7.07469,0.845578,5.12685,0.573269,2.76713
L,7.30415,0.804847,5.00417,0.298175,7.13735,0.957217,7.3309,0.875373,5.11851,0.618123,3.06133
R,7.59702,0.815145,5.12985,0.297788,8.08349,0.819605,7.58668,0.907449,5.10946,0.664531,4.61394
L,7.84744,0.794576,5.12657,0.208909,7.80533,0.719126,7.84199,0.941886,5.09966,0.712469,0.461592
R,8.09708,0.811101,5.06203,0.219932,8.40453,0.884557,8.0968,0.978759,5.08907,0.761915,2.32529
L,8.33422,0.829433,5.03998,0.241871,8.24796,0.840322,8.35106,1.01814,5.07766,0.812843,0.399085
R,8.60354,0.915451,5.1338,0.443316,8.45858,1.41118,8.60472,1.06011,5.06537,0.865226,7.12333
L,8.84109,0.975105,5.09897,0.553222,8.74615,1.04858,8.85775,1.10473,5.05216,0.919037,0.840776
R,9.13081,1.01252,5.15712,0.597868,9.8809,1.1419,9.1101,1.15208,5.03798,0.974245,6.8095
L,9.36828,1.04711,5.12607,0.631451,9.25579,1.04913,9.36172,1.20223,5.0228,1.03082,0.662555
R,9.64777,1.11819,5.16727,0.752646,10.1016,1.52474,9.61255,1.25524,5.00656,1.08873,4.59334
L,9.92168,1.24671,5.15845,1.00357,10.0484,1.44598,9.86254,1.31118,4.98922,1.14794,3.36788
R,10.17,1.33513,5.06024,1.12967,10.5377,1.72555,10.1117,1.37011,4.97074,1.20841,4.87341
L,10.3949,1.4178,5.00181,1.23685,10.2492,1.45907,10.3598,1.4321,4.95106,1.2701,1.24316
R,10.6265,1.5012,4.87458,1.32728,10.9084,1.70343,10.6069,1.49721,4.93014,1.33298,3.97267
L,10.8515,1.53501,4.84633,1.30333,10.7313,1.45265,10.853,1.56549,4.90794,1.39701,1.16372
R,11.1173,1.58616,4.89512,1.31896,11.4783,1.42876,11.0979,1.637,4.8844,1.46213,1.94792
L,11.3965,1.63487,4.93749,1.3202,11.587,1.61462,11.3416,1.71179,4.85948,1.52832,1.94433
R,11.6276,1.69184,4.87914,1.3386,11.4763,1.53917,11.584,1.78992,4.83313,1.59551,0.819965
L,11.8572,1.75792,4.84841,1.3786,11.7788,1.74591,11.8251,1.87144,4.80531,1.66366,0.32853
R,12.1134,1.84763,4.89241,1.47189,12.136,2.14937,12.0647,1.95639,4.77598,1.73273,1.46802
L,12.3562,1.87818,4.89037,1.41254,12.3226,1.78353,12.3029,2.04482,4.74508,1.80265,0.635322
R,12.6123,1.93939,4.94044,1.42963,12.5457,1.77728,12.5394,2.13677,4.71257,1.87338,0.93952
L,12.8126,2.07411,4.8442,1.62016,12.5924,2.17509,12.7743,2.23227,4.67842,1.94485,3.33893
R,13.0798,2.18192,4.91643,1.73106,13.2198,2.66441,13.0075,2.33137,4.64258,2.01701,3.42465
L,13.2833,2.3236,4.8171,1.91136,13.0875,2.40708,13.2388,2.43409,4.605,2.08981,2.576
R,13.4625,2.46834,4.60735,2.07371,12.7087,3.12439,13.4682,2.54047,4.56565,2.16317,10.9417
L,13.7122,2.58494,4.60229,2.16211,13.836,2.62479,13.6955,2.65053,4.52448,2.23703,0.884524
R,13.9317,2.69836,4.54179,2.23424,13.8302,2.73893,13.9208,2.7643,4.48147,2.31134,0.201987
L,14.1604,2.85245,4.49259,2.39118,14.2106,2.94205,14.1439,2.88179,4.43656,2.38601,0.637607
R,14.4106,2.96303,4.55647,2.43772,14.5568,2.87021,14.3646,3.00303,4.38974,2.46099,1.4916
L,14.6173,3.03526,4.51648,2.38871,14.4616,2.90734,14.583,3.12802,4.34097,2.5362,2.23296
R,14.8487,3.18954,4.51869,2.52837,14.6754,3.96041,14.7989,3.25679,4.29021,2.61157,3.76561
L,15.0567,3.3821,4.42412,2.73872,15.0261,3.5067,15.0122,3.38932,4.23744,2.68703,1.11284
R,15.2674,3.54928,4.31631,2.86866,15.3685,4.14761,15.2228,3.52563,4.18263,2.76249,2.5599
L,15.4815,3.73655,4.24194,3.03359,15.5236,3.82936,15.4306,3.66572,4.12575,2.83789,0.635285
R,15.6927,3.87166,4.19703,3.06703,15.7234,3.4105,15.6355,3.80957,4.06678,2.91315,0.992754
L,15.9148,4.01413,4.17269,3.10927,15.9774,4.00094,15.8375,3.95719,4.00571,2.98817,0.228384
R,16.1098,4.17753,4.04138,3.18727,16.3376,4.21632,16.0363,4.10854,3.94251,3.0629,1.77091
L,16.3075,4.37174,3.96021,3.32994,16.3313,4.44499,16.2319,4.26363,3.87716,3.13723,0.369043
R,16.5175,4.53647,3.93154,3.39434,16.7586,4.48231,16.4242,4.42242,3.80966,3.21109,0.645695
L,16.6959,4.70324,3.84631,3.45804,16.6039,4.67344,16.613,4.5849,3.74,3.28438,0.488266
R,16.8483,4.89476,3.60669,3.5524,16.9236,5.10119,16.7983,4.75103,3.66817,3.35704,4.43396
L,17.0127,5.1192,3.48105,3.71958,16.9955,5.21099,16.9799,4.92077,3.59416,3.42897,0.582376
R,17.1824,5.28899,3.3876,3.75563,17.3421,4.64623,17.1579,5.09409,3.51797,3.50008,1.70309
L,17.3417,5.46889,3.29871,3.81028,17.2894,5.43542,17.3319,5.27094,3.4396,3.57028,0.203288
R,17.4977,5.63728,3.19088,3.82976,17.6463,4.74597,17.5019,5.45128,3.35907,3.63949,3.17714
L,17.6908,5.75933,3.20643,3.7531,17.7853,5.62476,17.6679,5.63506,3.27637,3.70762,1.77775
R,17.8343,5.95437,3.05833,3.82025,17.9216,6.07151,17.8297,5.82221,3.19151,3.77458,0.999961
L,18.0084,6.14452,3.01776,3.87522,18.1263,6.16985,17.9872,6.01269,3.10453,3.84027,0.766648
R,18.1583,6.35135,2.93499,3.95917,18.1245,6.79027,18.1402,6.20641,3.01542,3.90462,0.711669
L,18.2798,6.58937,2.79059,4.09685,18.2164,6.66138,18.2888,6.40332,2.92421,3.96753,0.597217
R,18.4117,6.8024,2.67392,4.16767,18.4022,7.02231,18.4328,6.60333,2.83093,4.0289,0.250901
L,18.5598,6.93809,2.65414,4.08366,18.5422,6.76013,18.572,6.80638,2.7356,4.08867,1.99304
R,18.7095,7.14419,2.63714,4.14344,18.8089,7.24388,18.7064,7.01237,2.63825,4.14672,0.689362
L,18.9067,7.28216,2.70764,4.0468,19.1441,7.18344,18.8359,7.22122,2.53893,4.20299,3.96044
R,18.9953,7.48342,2.501,4.08152,18.5479,7.4012,18.9604,7.43283,2.43767,4.25737,3.97047
L,19.086,7.74797,2.33411,4.24369,19.0138,7.8688,19.0798,7.64712,2.3345,4.3098,1.30334
R,19.2074,7.95421,2.27324,4.27991,19.3089,7.67375,19.1939,7.86397,2.22949,4.36017,0.281691
L,19.2865,8.17084,2.12918,4.33263,19.132,8.12845,19.3028,8.08329,2.12266,4.40842,1.35752
R,19.3861,8.3809,2.06271,4.37067,19.0239,8.17194,19.4062,8.30497,2.01409,4.45445,2.25124
L,19.4812,8.52803,2.00409,4.28299,19.347,8.30741,19.5042,8.5289,1.90381,4.49819,3.70471
R,19.5729,8.73533,1.89585,4.30245,19.6843,8.35902,19.5966,8.75494,1.7919,4.53956,0.539342
L,19.7344,8.90998,1.95134,4.25491,20.0039,8.8906,19.6835,8.983,1.67841,4.57848,4.10746
R,19.8085,9.13,1.79771,4.29117,19.6061,9.48659,19.7645,9.21294,1.56341,4.61488,1.01202
L,19.9382,9.3576,1.78331,4.33978,20.1574,9.45949,19.8398,9.44463,1.44697,4.64869,3.06355
R,19.9844,9.57743,1.5678,4.35904,19.6163,9.76606,19.9093,9.67795,1.32916,4.67984,2.67256
L,20.0709,9.81945,1.48398,4.4296,20.1573,9.90876,19.9728,9.91275,1.21005,4.70826,0.820606
R,20.1318,10.0683,1.37987,4.51439,19.1911,11.5493,20.0303,10.1489,1.08972,4.73389,7.20351
L,20.179,10.3434,1.22259,4.62657,20.166,10.4687,20.0818,10.3863,0.968259,4.75666,0.989072
R,20.1953,10.5784,0.990515,4.64081,19.6774,10.803,20.1271,10.6247,0.845742,4.77652,2.96325
L,20.253,10.8537,0.874217,4.73392,20.371,11.0109,20.1663,10.864,0.722256,4.7934,2.0758
R,20.2818,11.1107,0.73891,4.7915,19.4335,12.3402,20.1993,11.1041,0.597892,4.80727,4.89402
L,20.3159,11.3499,0.624157,4.80693,20.3164,11.3483,20.2261,11.3449,0.472738,4.81807,0.000160713
R,20.2618,11.5978,0.246321,4.78529,19.2063,12.2418,20.2466,11.5861,0.346889,4.82575,10.7406
L,20.3333,11.8385,0.226626,4.79793,20.6141,11.9422,20.2608,11.8275,0.220439,4.83027,4.77151
R,20.3594,12.0728,0.205852,4.82321,19.966,11.9688,20.2687,12.0692,0.093487,4.83159,3.67386
L,20.3453,12.3618,0.0208121,4.90235,20.3263,12.4966,20.2701,12.3108,-0.0338694,4.82968,1.12972
R,20.2954,12.5999,-0.265505,4.85224,20.0192,12.4823,20.2652,12.5522,-0.161529,4.82451,3.25469
L,20.3206,12.8389,-0.322353,4.84259,20.498,12.8924,20.254,12.7933,-0.28939,4.81605,1.85069
R,20.3084,13.0694,-0.446906,4.8102,20.9151,12.2555,20.2363,13.0339,-0.417348,4.80428,2.10327
L,20.2738,13.2819,-0.583045,4.75208,20.1943,13.1688,20.2122,13.2738,-0.545298,4.78918,1.01912
R,20.2355,13.5163,-0.707802,4.73775,19.858,13.5236,20.1818,13.5129,-0.673135,4.77072,1.29122
L,20.2143,13.7761,-0.815186,4.75567,20.3245,13.8896,20.1449,13.7509,-0.800753,4.74892,1.31804
R,20.1589,14.0028,-0.983753,4.70165,20.3387,13.5307,20.1017,13.9878,-0.928043,4.72374,0.854694
L,20.1029,14.2592,-1.13074,4.70615,20.1216,14.337,20.0521,14.2233,-1.0549,4.69521,0.358927
R,20.0311,14.4879,-1.27755,4.66444,19.6717,14.4038,19.9962,14.4573,-1.18121,4.66331,1.3811
L,19.9215,14.7441,-1.49717,4.65498,19.781,14.773,19.934,14.6897,-1.30687,4.62805,1.21087
R,19.8554,14.9617,-1.56807,4.61104,20.1149,14.0165,19.8655,14.9202,-1.43177,4.58944,3.39722
L,19.8256,15.1784,-1.59528,4.55639,20.0208,15.2053,19.7908,15.1486,-1.55581,4.54751,2.16145
R,19.6937,15.3875,-1.92243,4.39192,20.0157,15.3443,19.7099,15.3749,-1.67887,4.50226,7.91358
L,19.6659,15.5737,-1.91864,4.29805,19.9131,15.554,19.6229,15.5989,-1.80085,4.45372,3.55048
R,19.5733,15.7776,-2.02304,4.23138,19.9388,15.0864,19.5298,15.8203,-1.92164,4.40193,1.32586
L,19.4689,15.992,-2.15077,4.17592,19.4748,16.0098,19.4307,16.039,-2.04114,4.3469,0.019325
R,19.3683,16.1995,-2.21533,4.14183,19.1556,16.0022,19.3257,16.2549,-2.15925,4.28868,1.81894
L,19.2592,16.3767,-2.31512,4.03443,19.238,16.2719,19.2148,16.4679,-2.27586,4.22731,0.635079
R,19.1422,16.5724,-2.42946,3.95726,19.4007,16.2962,19.0981,16.6777,-2.39087,4.16284,0.264957
L,19.0104,16.7845,-2.56,3.90953,19.0029,16.8387,18.9757,16.8841,-2.50418,4.0953,0.174575
R,18.8535,16.9768,-2.79516,3.76165,18.8373,17.7112,18.8477,17.0872,-2.61571,4.02476,6.58524
L,18.6768,17.2156,-2.99106,3.74287,18.6148,17.3832,18.7142,17.2866,-2.72534,3.95127,1.9082
R,18.5752,17.4192,-2.91909,3.77409,18.8177,17.0316,18.5752,17.4822,-2.83299,3.87489,6.06501
L,18.3593,17.6134,-3.1416,3.68487,18.1023,17.5529,18.4309,17.674,-2.93858,3.79568,3.84928
R,18.2232,17.8049,-3.14687,3.66786,18.2749,17.4877,18.2814,17.8617,-3.042,3.71372,2.37165
L,18.092,17.9904,-3.19218,3.60011,18.2094,18.0461,18.1268,18.0453,-3.14318,3.62906,0.909253
R,17.9165,18.145,-3.33275,3.4457,18.3021,17.498,17.9671,18.2246,-3.24204,3.5418,1.9921
L,17.7871,18.2857,-3.34979,3.31798,17.9018,18.2183,17.8026,18.3994,-3.3385,3.45199,1.07474
R,17.6548,18.466,-3.3598,3.28119,18.8558,18.1365,17.6334,18.5697,-3.43247,3.35973,6.6523
L,17.4582,18.6495,-3.49174,3.22382,17.3845,18.7039,17.4595,18.7353,-3.5239,3.26509,0.512802
R,17.2782,18.7901,-3.58913,3.08773,17.7945,18.0801,17.281,18.8962,-3.61271,3.16817,1.7564
L,17.1177,18.926,-3.63018,2.97149,17.1762,18.8863,17.0983,19.0521,-3.69883,3.06904,0.304528
R,16.9504,19.0963,-3.67227,2.93358,16.9398,19.7311,16.9113,19.203,-3.78221,2.9678,3.05268
L,16.7329,19.2125,-3.79188,2.78517,16.5734,19.052,16.7201,19.3488,-3.86278,2.86455,2.70463
R,16.5423,19.3663,-3.87417,2.70562,16.1674,20.2201,16.5251,19.4894,-3.9405,2.75938,3.24876
L,16.3148,19.5296,-4.0039,2.64599,16.2338,19.6171,16.3262,19.6246,-4.01531,2.65237,0.866066
R,16.0924,19.6125,-4.11527,2.42839,16.4366,18.2742,16.1237,19.7545,-4.08716,2.54364,10.0801
L,15.8861,19.7571,-4.18664,2.35751,15.9243,19.8703,15.9176,19.8789,-4.15602,2.43329,0.767101
R,15.6984,19.8811,-4.16905,2.31911,16.2328,19.2166,15.7082,19.9978,-4.22185,2.32141,3.22634
L,15.4655,20.0357,-4.2734,2.27877,15.4332,20.1836,15.4956,20.111,-4.28461,2.2081,1.32334
R,15.2525,20.1789,-4.32129,2.24336,14.3677,21.3406,15.2799,20.2185,-4.34427,2.09347,5.66415
L,15.0651,20.3094,-4.32897,2.18373,15.2016,20.4385,15.0613,20.3203,-4.4008,1.97763,1.87131
R,14.8344,20.3924,-4.40704,2.02065,14.7476,19.9571,14.84,20.4162,-4.4542,1.86068,2.13729
L,14.6188,20.5113,-4.44984,1.95077,14.6665,20.6088,14.6161,20.5063,-4.50443,1.74272,0.625235
R,14.381,20.5994,-4.53738,1.79801,13.841,21.0031,14.3897,20.5904,-4.55149,1.62386,1.27054
L,14.1347,20.6733,-4.60711,1.65654,14.0521,20.5924,14.1611,20.6686,-4.59537,1.50421,0.709534
R,13.8967,20.7454,-4.67295,1.49747,13.8232,20.859,13.9304,20.7408,-4.63606,1.38386,0.367714
L,13.6218,20.8097,-4.77311,1.34983,13.4686,20.7253,13.6977,20.807,-4.67357,1.26294,1.6623
R,13.3723,20.8415,-4.84798,1.09952,13.8263,20.4261,13.4632,20.8671,-4.70789,1.14153,2.39936
L,13.1275,20.8817,-4.87662,0.9374,13.1072,20.8294,13.2271,20.9211,-4.73904,1.01975,0.167763
R,12.895,20.9406,-4.88587,0.830501,13.2669,21.1579,12.9895,20.969,-4.76702,0.897694,1.77774
L,12.6989,20.9821,-4.83277,0.706825,12.8729,21.0592,12.7506,21.0108,-4.79186,0.775469,1.99743
R,12.4447,21.0236,-4.87793,0.575084,11.5171,21.6724,12.5106,21.0465,-4.81358,0.653175,2.5491
L,12.1986,21.0604,-4.89997,0.455059,12.2062,21.11,12.2695,21.0761,-4.83219,0.530912,0.13655
R,11.9596,21.0803,-4.90898,0.302395,12.3859,21.1066,12.0276,21.0996,-4.84773,0.408778,0.959866
L,11.7188,21.0501,-4.89099,0.0863613,11.6814,20.8651,11.785,21.117,-4.86022,0.286869,1.91926
R,11.4715,21.0367,-4.8907,-0.0867902,11.5265,20.6748,11.5418,21.1283,-4.86971,0.165281,1.08184
L,11.2581,21.0289,-4.83724,-0.228104,11.363,21.0688,11.2982,21.1335,-4.87623,0.0441057,0.703888
R,11.0034,20.9906,-4.83926,-0.419783,10.5558,20.5567,11.0544,21.1327,-4.87982,-0.076565,4.13967
L,10.7958,20.9513,-4.76333,-0.588182,10.8903,20.927,10.8105,21.1259,-4.88053,-0.196643,0.581151
R,10.5488,20.9497,-4.74268,-0.614537,9.30535,21.3896,10.5666,21.1131,-4.8784,-0.31604,5.58895
L,10.2647,20.9786,-4.82735,-0.639961,10.189,21.209,10.3229,21.0943,-4.87349,-0.434674,3.41769
R,10.0264,20.9599,-4.80841,-0.731888,9.97958,21.2932,10.0795,21.0697,-4.86585,-0.552463,1.02302
L,9.83616,20.9194,-4.7071,-0.859204,9.99634,20.9797,9.83658,21.0391,-4.85554,-0.669327,1.6516
R,9.60467,20.9096,-4.66499,-0.850082,9.38223,21.111,9.59422,21.0028,-4.84262,-0.785189,2.32506
L,9.41407,20.857,-4.57162,-0.976495,9.53921,20.8762,9.35258,20.9607,-4.82714,-0.899977,0.939301
R,9.1953,20.8144,-4.53698,-1.07813,9.63392,20.9724,9.11177,20.9128,-4.80919,-1.01362,1.45806
L,8.89701,20.7851,-4.63936,-1.14054,8.70331,20.8221,8.87192,20.8594,-4.78881,-1.12605,2.39544
R,8.68457,20.7051,-4.57378,-1.29618,9.84634,20.009,8.63315,20.8003,-4.76608,-1.2372,4.40283
L,8.40444,20.6227,-4.62081,-1.43358,8.22277,20.4839,8.39557,20.7358,-4.74108,-1.34701,2.83878
R,8.17617,20.5426,-4.58219,-1.56803,8.29647,20.4978,8.1593,20.6657,-4.71387,-1.45542,0.0895793
L,7.9324,20.4629,-4.56927,-1.6782,7.88599,20.45,7.92445,20.5903,-4.68453,-1.56237,0.134987
R,7.71645,20.3767,-4.5177,-1.82922,8.29081,20.6565,7.69111,20.5096,-4.65313,-1.66781,3.46938
L,7.40219,20.3199,-4.6421,-1.87241,7.18029,20.392,7.45939,20.4237,-4.61975,-1.7717,3.42349
R,7.1694,20.2238,-4.59677,-1.97072,7.09214,20.1196,7.22939,20.3326,-4.58448,-1.87399,0.225987
L,6.90326,20.1411,-4.62337,-2.04247,6.81542,20.1859,7.00119,20.2364,-4.54738,-1.97462,0.615382
R,6.67755,20.0499,-4.57145,-2.10683,6.89359,20.1536,6.7749,20.1352,-4.50854,-2.07357,0.512116
L,6.42956,19.9584,-4.56754,-2.17755,6.38914,20.0137,6.55059,20.0292,-4.46805,-2.17079,0.285275
R,6.21266,19.865,-4.50979,-2.24723,6.67637,20.2142,6.32834,19.9183,-4.42598,-2.26625,2.88556
L,5.94881,19.7714,-4.54071,-2.30219,5.86119,19.8306,6.10823,19.8027,-4.38241,-2.35993,0.707037
R,5.71666,19.6262,-4.49553,-2.4943,5.28178,19.5036,5.89034,19.6824,-4.33744,-2.45178,1.88357
L,5.54501,19.5024,-4.3476,-2.59341,5.69089,19.5755,5.67472,19.5577,-4.29114,-2.5418,1.52809
R,5.34327,19.3534,-4.25389,-2.73278,5.9506,18.9859,5.46145,19.4284,-4.24359,-2.62995,1.77102
L,5.13178,19.2514,-4.20904,-2.76991,5.17021,19.4397,5.25059,19.2948,-4.19488,-2.71622,1.94945
R,4.94267,19.1394,-4.11763,-2.77614,5.87397,19.301,5.04219,19.157,-4.1451,-2.80059,4.68552
L,4.7832,18.9883,-3.96902,-2.88552,4.89149,18.982,4.8363,19.015,-4.09432,-2.88305,0.741364
R,4.57318,18.8383,-3.92923,-3.00868,3.98679,19.0452,4.63297,18.8689,-4.04263,-2.96359,1.49879
L,4.39766,18.7066,-3.83438,-3.06587,4.4685,18.834,4.43224,18.7188,-3.99012,-3.0422,1.12149
R,4.21837,18.5641,-3.74527,-3.09299,4.69245,18.4634,4.23416,18.5648,-3.93685,-3.11888,1.31367
L,4.09681,18.4094,-3.55722,-3.17603,4.26269,18.481,4.03876,18.4071,-3.88293,-3.19362,1.92688
R,3.90955,18.2369,-3.50879,-3.37355,3.42434,18.8357,3.84606,18.2457,-3.82841,-3.26644,7.27125
L,3.64998,18.0952,-3.60608,-3.40594,3.45919,18.167,3.65611,18.0807,-3.77339,-3.33732,2.67073
R,3.49007,17.9447,-3.4997,-3.40203,4.3011,17.9267,3.46891,17.9122,-3.71795,-3.40627,3.40323
L,3.26072,17.7774,-3.53677,-3.46291,3.12525,17.7493,3.28449,17.7402,-3.66215,-3.47331,1.18428
R,3.07859,17.5937,-3.47479,-3.60523,2.65664,17.888,3.10287,17.565,-3.60609,-3.53844,2.34862
L,2.90174,17.4758,-3.43801,-3.57654,2.9449,17.8154,2.92405,17.3866,-3.54982,-3.60167,6.1623
R,2.75646,17.2597,-3.29435,-3.78173,3.26647,17.0897,2.74805,17.2051,-3.49344,-3.66302,3.08668
L,2.58117,17.0733,-3.23465,-3.84876,2.55407,17.0853,2.57486,17.0205,-3.437,-3.72251,0.0568005
R,2.41934,16.9075,-3.16408,-3.80033,2.55039,16.8884,2.4045,16.833,-3.38059,-3.78014,2.13809
L,2.2559,16.7352,-3.10748,-3.83551,2.25371,16.8334,2.23695,16.6427,-3.32428,-3.83595,0.513041
R,2.08201,16.5395,-3.06841,-3.85395,1.57735,16.0489,2.07221,16.4497,-3.26812,-3.88995,4.9605
L,1.92628,16.3091,-2.98436,-3.969,1.88972,16.1054,1.91027,16.254,-3.21219,-3.94216,2.24113
R,1.77209,16.133,-2.93088,-3.94365,1.74362,16.2687,1.75112,16.0557,-3.15656,-3.99261,1.02258
L,1.56636,15.9643,-2.99596,-3.94317,1.44745,16.0853,1.59474,15.8549,-3.10129,-4.04132,1.76025
R,1.43674,15.7333,-2.8706,-4.11228,1.6097,15.5526,1.44111,15.6517,-3.04644,-4.08832,2.03289
L,1.26328,15.5147,-2.85464,-4.18028,1.18395,15.4284,1.29021,15.4463,-2.99207,-4.13364,0.769125
R,1.10707,15.3219,-2.81955,-4.18309,0.828993,15.528,1.14201,15.2386,-2.93825,-4.1773,0.988282
L,0.893547,15.1024,-2.90189,-4.23413,0.722706,15.0075,0.996486,15.0288,-2.88503,-4.21933,2.30251
R,0.749303,14.9225,-2.85483,-4.17465,1.03147,15.2134,0.853604,14.8169,-2.83246,-4.25977,2.54563
L,0.64902,14.7087,-2.70432,-4.22858,0.737301,14.7047,0.71333,14.603,-2.78061,-4.29864,0.508236
R,0.534709,14.4675,-2.57853,-4.36694,0.722177,14.2445,0.575628,14.3872,-2.72952,-4.33598,1.75604
L,0.359988,14.2445,-2.60512,-4.41224,0.253435,14.2029,0.440459,14.1696,-2.67925,-4.37181,0.814818
R,0.233834,13.992,-2.50203,-4.58483,-0.0328023,13.9604,0.307779,13.9502,-2.62984,-4.40617,2.93927
L,0.222481,13.7445,-2.16466,-4.65466,0.459172,13.6856,0.177545,13.7292,-2.58135,-4.43909,3.86474
R,0.116534,13.5013,-2.05909,-4.75586,0.0524412,13.6377,0.0497099,13.5065,-2.53381,-4.47061,0.92805
L,-0.0501921,13.2692,-2.10972,-4.79065,-0.190344,13.2856,-0.0757753,13.2823,-2.48728,-4.50075,1.30247
R,-0.167654,13.0515,-2.06498,-4.74692,-0.275043,13.1456,-0.198962,13.0566,-2.44179,-4.52955,1.1737
L,-0.168932,12.8274,-1.75928,-4.76119,0.0462308,12.9301,-0.319903,12.8295,-2.39739,-4.55704,3.54328
R,-0.285234,12.6025,-1.74191,-4.71455,-0.684792,12.3563,-0.438654,12.6011,-2.35412,-4.58326,3.42537
L,-0.404185,12.3669,-1.72844,-4.74688,-0.476482,12.3633,-0.555273,12.3714,-2.31202,-4.60823,0.342316
R,-0.525119,12.1587,-1.74001,-4.69771,-0.972122,12.5207,-0.669818,12.1404,-2.27111,-4.63198,3.75375
L,-0.602136,11.9405,-1.64912,-4.70175,-0.582624,12.0386,-0.78235,11.9083,-2.23144,-4.65456,0.52578
R,-0.726012,11.7122,-1.67504,-4.69448,-1.26757,11.6495,-0.892931,11.6751,-2.19304,-4.67598,2.79375
L,-0.923074,11.4669,-1.86411,-4.72374,-1.17212,11.3988,-1.00163,11.4409,-2.15594,-4.69628,4.26771
R,-1.02426,11.2425,-1.84842,-4.6582,-0.891441,10.959,-1.1085,11.2057,-2.12017,-4.71549,2.81838
L,-1.20195,11.0144,-1.996,-4.65803,-1.39289,11.0424,-1.21362,10.9695,-2.08575,-4.73364,2.39547
R,-1.28273,10.7684,-1.89451,-4.75112,-1.29894,10.9012,-1.31706,10.7324,-2.05273,-4.75075,1.29617
L,-1.41353,10.5136,-1.9297,-4.79077,-1.49687,10.4198,-1.41889,10.4945,-2.02111,-4.76686,0.908822
R,-1.50303,10.2504,-1.85286,-4.88392,-1.59293,10.0212,-1.51917,10.2559,-1.99093,-4.78198,1.3578
L,-1.5999,10.0408,-1.82152,-4.8527,-1.61875,10.2374,-1.61797,10.0165,-1.96221,-4.79615,2.04051
R,-1.68788,9.81179,-1.77892,-4.82973,-1.59702,9.96554,-1.71539,9.77637,-1.93498,-4.80939,0.547199
L,-1.7616,9.59242,-1.7043,-4.81462,-1.73381,9.71347,-1.81147,9.53564,-1.90924,-4.82172,0.822358
R,-1.87351,9.33941,-1.70649,-4.88441,-2.27191,9.37316,-1.90631,9.29431,-1.88502,-4.83316,2.54498
L,-1.95698,9.04593,-1.64935,-4.97103,-1.93833,8.77028,-1.99998,9.05243,-1.86233,-4.84374,3.99553
R,-2.04172,8.82427,-1.62925,-4.90861,-1.96565,9.13274,-2.09256,8.81003,-1.8412,-4.85347,1.89004
L,-2.13844,8.57201,-1.62148,-4.9336,-2.1768,8.5411,-2.18412,8.56717,-1.82164,-4.86238,0.145029
R,-2.26828,8.31691,-1.69588,-4.95587,-2.65862,8.19477,-2.27474,8.32388,-1.80365,-4.87047,2.82108
L,-2.31323,8.08499,-1.571,-4.94369,-2.21875,8.15339,-2.3645,8.0802,-1.78726,-4.87778,0.816547
R,-2.37421,7.8738,-1.50394,-4.88836,-2.273,8.52315,-2.45348,7.83617,-1.77248,-4.8843,5.50888
L,-2.48908,7.62166,-1.55548,-4.91551,-2.59674,7.60288,-2.54177,7.59184,-1.75931,-4.89006,0.731624
R,-2.65155,7.38682,-1.75287,-4.84626,-3.08256,7.38874,-2.62944,7.34723,-1.74777,-4.89507,5.70923
L,-2.75643,7.13036,-1.77501,-4.87342,-2.79865,7.064,-2.71658,7.10238,-1.73786,-4.89933,0.350136
R,-2.81725,6.89656,-1.67764,-4.89107,-2.79412,7.20818,-2.80326,6.85734,-1.72958,-4.90286,1.6451
L,-2.85677,6.69113,-1.5592,-4.8362,-2.74651,6.86867,-2.88957,6.61214,-1.72295,-4.90566,2.4642
R,-2.9182,6.4716,-1.53658,-4.75236,-2.57673,6.36755,-2.97559,6.36681,-1.71797,-4.90774,3.92726
L,-2.97296,6.23606,-1.46917,-4.75207,-2.90217,6.22989,-3.0614,6.12139,-1.71464,-4.90911,0.291916
R,-3.09221,5.98747,-1.54127,-4.79279,-3.50172,6.10796,-3.14709,5.87592,-1.71297,-4.90976,3.54726
L,-3.17719,5.71177,-1.53992,-4.85438,-3.1778,5.53101,-3.23274,5.63043,-1.71295,-4.9097,1.74283
R,-3.28687,5.46465,-1.63618,-4.82282,-3.19736,5.19093,-3.31843,5.38496,-1.71458,-4.90893,2.31477
L,-3.38504,5.202,-1.66425,-4.86132,-3.43031,5.10507,-3.40424,5.13955,-1.71787,-4.90745,0.635261
R,-3.45273,4.9564,-1.60448,-4.88356,-3.4281,4.94644,-3.49026,4.89422,-1.72281,-4.90525,0.212998
L,-3.56989,4.67561,-1.6735,-4.9526,-3.69435,4.52196,-3.57657,4.64902,-1.72939,-4.90233,2.19425
R,-3.68022,4.4222,-1.77324,-4.92573,-3.50501,4.17643,-3.66325,4.40398,-1.73763,-4.89868,2.2482
L,-3.81541,4.14849,-1.87518,-4.97817,-4.00238,4.04684,-3.75039,4.15913,-1.74749,-4.8943,2.52412
R,-3.89505,3.90846,-1.81633,-4.98331,-4.06447,4.10977,-3.83806,3.91452,-1.75899,-4.88918,1.20622
L,-3.96601,3.67751,-1.77449,-4.9486,-3.88053,3.75177,-3.92635,3.67019,-1.77212,-4.8833,0.704748
R,-4.06621,3.47369,-1.8356,-4.85143,-4.23729,3.88878,-4.01533,3.42616,-1.78686,-4.87666,4.20437
L,-4.15713,3.22933,-1.83951,-4.85238,-4.15119,3.21968,-4.10509,3.18248,-1.8032,-4.86925,0.00682527
R,-4.27393,2.97342,-1.9279,-4.8604,-4.27467,2.88187,-4.19571,2.93919,-1.82113,-4.86104,0.791203
L,-4.36446,2.69845,-1.92742,-4.91167,-4.32451,2.55034,-4.28727,2.69633,-1.84065,-4.85202,1.26888
R,-4.45099,2.4492,-1.9015,-4.91972,-4.38481,2.39989,-4.37985,2.45393,-1.86173,-4.84218,0.180477
L,-4.55627,2.18321,-1.92533,-4.95744,-4.61223,2.09192,-4.47352,2.21205,-1.88436,-4.83149,0.616678
R,-4.66596,1.95171,-2.03942,-4.89694,-4.29257,1.92854,-4.56836,1.97072,-1.90853,-4.81994,4.09077
L,-4.78234,1.67634,-2.08007,-4.95175,-4.86829,1.53442,-4.66444,1.72998,-1.93422,-4.80751,1.47152
R,-4.90639,1.42599,-2.17307,-4.94245,-4.98165,1.43611,-4.76186,1.48989,-1.9614,-4.79417,0.526466
L,-4.96462,1.19486,-2.11129,-4.89025,-4.66779,1.28643,-4.86066,1.25049,-1.99007,-4.7799,5.02443
R,-5.05934,0.980179,-2.10223,-4.8229,-4.98594,1.10894,-4.96095,1.01182,-2.02019,-4.76468,1.15584
L,-5.11946,0.750317,-2.04986,-4.78265,-4.85498,0.825661,-5.06277,0.77393,-2.05174,-4.74848,3.9315
R,-5.21447,0.452918,-2.06272,-4.89005,-4.84736,0.18101,-5.16621,0.536876,-2.08471,-4.73127,5.22061
L,-5.289,0.21389,-2.0334,-4.86734,-5.1231,0.257311,-5.27133,0.300706,-2.11906,-4.71303,1.5304
R,-5.39845,-0.0191032,-2.01366,-4.84305,-5.99809,-0.290765,-5.3782,0.0654719,-2.15477,-4.69374,5.83723
L,-5.46926,-0.256033,-1.97698,-4.82459,-5.29972,-0.212982,-5.4869,-0.168772,-2.1918,-4.67335,1.59535
R,-5.58912,-0.435934,-2.06471,-4.6982,-5.64447,-0.144522,-5.59748,-0.401971,-2.23014,-4.65185,3.79907
L,-5.72491,-0.618704,-2.15577,-4.58589,-5.85359,-0.445801,-5.71001,-0.634069,-2.26974,-4.62919,2.64743
R,-5.83995,-0.848638,-2.26883,-4.58335,-5.30947,-0.724468,-5.82456,-0.865006,-2.31058,-4.60536,5.51622
L,-5.93571,-1.11934,-2.25211,-4.65448,-5.87835,-1.26863,-5.94118,-1.09472,-2.35262,-4.58032,1.46249
R,-6.02477,-1.38913,-2.22446,-4.72032,-5.68069,-1.52871,-6.05993,-1.32316,-2.39581,-4.55404,2.79427
L,-6.16314,-1.59594,-2.30807,-4.64774,-6.27263,-1.50938,-6.18087,-1.55025,-2.44014,-4.52648,1.10685
R,-6.30661,-1.83606,-2.48108,-4.6642,-6.11355,-1.75966,-6.30406,-1.77593,-2.48555,-4.49762,4.07493
L,-6.41312,-2.08667,-2.4784,-4.68455,-6.34007,-2.13685,-6.42954,-2.00014,-2.532,-4.46742,0.448767
R,-6.56409,-2.28898,-2.56381,-4.59177,-6.99344,-2.17445,-6.55738,-2.22281,-2.57946,-4.43585,3.15067
L,-6.71374,-2.49781,-2.64859,-4.52295,-6.79288,-2.4458,-6.68761,-2.44386,-2.62788,-4.40288,0.517813
R,-6.86942,-2.71102,-2.74734,-4.46949,-7.14408,-2.67584,-6.82029,-2.66323,-2.6772,-4.36847,1.14924
L,-6.96221,-2.98111,-2.68784,-4.5532,-6.8003,-3.10086,-6.95546,-2.88084,-2.7274,-4.3326,2.38229
R,-7.0909,-3.20451,-2.69069,-4.51711,-7.13937,-3.22028,-7.09316,-3.09663,-2.7784,-4.29523,0.283718
L,-7.2157,-3.39765,-2.72501,-4.43476,-7.12118,-3.26434,-7.23344,-3.3105,-2.83017,-4.25632,1.42023
R,-7.3618,-3.64701,-2.75932,-4.46469,-7.77186,-4.08999,-7.37632,-3.5224,-2.88265,-4.21586,4.43095
L,-7.52074,-3.78211,-2.87447,-4.26055,-7.49009,-3.49081,-7.52184,-3.73223,-2.93579,-4.1738,4.91706
R,-7.66552,-3.99131,-2.93421,-4.23238,-7.52393,-3.88213,-7.67004,-3.93992,-2.98953,-4.13012,0.475255
L,-7.82001,-4.22046,-2.98101,-4.23583,-7.88049,-4.29783,-7.82094,-4.14538,-3.04381,-4.08479,0.510776
R,-7.97112,-4.43897,-3.01723,-4.21837,-8.08524,-4.57834,-7.97457,-4.34854,-3.09857,-4.03778,0.391095
L,-8.13279,-4.67806,-3.0619,-4.24186,-8.22492,-4.79812,-8.13095,-4.5493,-3.15376,-3.98906,1.21436
R,-8.2723,-4.87918,-3.01448,-4.16729,-8.453,-4.95621,-8.2901,-4.74759,-3.2093,-3.93862,2.47441
L,-8.40464,-5.09766,-3.00989,-4.17104,-8.33552,-5.1059,-8.45204,-4.94331,-3.26514,-3.88641,0.277655
R,-8.55149,-5.26189,-3.00962,-4.04014,-8.55062,-4.79248,-8.61678,-5.13637,-3.32121,-3.83242,3.795
L,-8.74156,-5.46085,-3.11254,-3.99417,-8.91477,-5.51752,-8.78433,-5.32669,-3.37745,-3.77663,1.77132
R,-8.90115,-5.65695,-3.14368,-3.95326,-9.04115,-5.69364,-8.95469,-5.51417,-3.43377,-3.71901,0.299562
L,-9.05768,-5.8429,-3.18127,-3.90487,-9.03391,-5.80267,-9.12788,-5.69872,-3.49012,-3.65955,0.117685
R,-9.19695,-5.99663,-3.1574,-3.78374,-8.86897,-5.41973,-9.30388,-5.88026,-3.54643,-3.59823,5.94805
L,-9.37398,-6.09782,-3.25699,-3.57896,-9.30811,-5.82368,-9.4827,-6.05868,-3.60261,-3.53503,4.53946
R,-9.55022,-6.28013,-3.32019,-3.54603,-9.80646,-6.41174,-9.66432,-6.23389,-3.6586,-3.46994,0.962852
L,-9.6897,-6.4897,-3.30009,-3.58616,-9.62547,-6.55958,-9.84874,-6.4058,-3.71431,-3.40295,0.581822
R,-9.91217,-6.65108,-3.48445,-3.51378,-10.6688,-6.35543,-10.0359,-6.57431,-3.76969,-3.33404,7.12727
L,-10.1152,-6.81645,-3.57895,-3.43782,-10.2246,-6.83402,-10.2259,-6.73933,-3.82463,-3.26321,0.675114
R,-10.3005,-6.97843,-3.65585,-3.38477,-10.2205,-6.71044,-10.4186,-6.90075,-3.87907,-3.19046,1.00276
L,-10.5302,-7.16065,-3.77605,-3.33704,-10.7616,-7.29159,-10.614,-7.05849,-3.93293,-3.11577,3.70094
R,-10.736,-7.30254,-3.86921,-3.23427,-10.8944,-6.83335,-10.8121,-7.21245,-3.98613,-3.03916,1.86133
L,-10.9827,-7.46561,-4.00646,-3.14915,-11.2219,-7.56979,-11.0128,-7.36252,-4.03859,-2.96062,3.59775
R,-11.1711,-7.60474,-4.01737,-3.04733,-10.986,-7.3707,-11.2161,-7.50862,-4.09021,-2.88015,1.26506
L,-11.3204,-7.75931,-3.97274,-3.02525,-11.0934,-7.6776,-11.422,-7.65064,-4.14093,-2.79777,3.10032
R,-11.5157,-7.88565,-4.00726,-2.91572,-11.4213,-7.46085,-11.6304,-7.78849,-4.19066,-2.71349,1.77208
L,-11.6954,-7.98988,-4.02666,-2.78764,-11.5269,-7.8215,-11.8413,-7.92208,-4.23932,-2.6273,2.97978
R,-11.8877,-8.10218,-4.01335,-2.64676,-11.9422,-7.88317,-12.0546,-8.05131,-4.28682,-2.53924,1.67549
L,-12.1022,-8.19289,-4.08682,-2.49468,-12.09,-8.08828,-12.2702,-8.17609,-4.33309,-2.44932,0.670865
R,-12.3298,-8.32223,-4.22531,-2.46702,-12.4462,-8.02117,-12.4881,-8.29633,-4.37802,-2.35756,2.79559
L,-12.5334,-8.40321,-4.263,-2.31628,-12.4231,-8.2599,-12.7082,-8.41193,-4.42156,-2.26399,1.75176
R,-12.7379,-8.48945,-4.2541,-2.1591,-12.7461,-8.19449,-12.9304,-8.5228,-4.4636,-2.16863,1.63521
L,-13.0167,-8.57943,-4.40176,-2.00467,-13.2911,-8.64594,-13.1547,-8.62886,-4.50407,-2.07151,4.29501
R,-13.2665,-8.68046,-4.51712,-1.92563,-13.7929,-8.47158,-13.381,-8.73002,-4.54289,-1.97267,2.81326
L,-13.4882,-8.72752,-4.55466,-1.73785,-13.384,-8.57583,-13.6092,-8.82619,-4.57997,-1.87214,1.84182
R,-13.7021,-8.76915,-4.52068,-1.52039,-13.6376,-8.26343,-13.8392,-8.91729,-4.61524,-1.76997,3.67625
L,-13.9292,-8.87968,-4.55106,-1.49535,-13.9959,-8.99264,-14.0709,-9.00324,-4.64861,-1.6662,0.953846
R,-14.1828,-8.97081,-4.68042,-1.46697,-14.4737,-8.79552,-14.3043,-9.08395,-4.68001,-1.56086,2.94715
L,-14.4068,-9.08297,-4.68683,-1.46456,-14.4273,-9.1875,-14.5391,-9.15936,-4.70936,-1.45402,0.68743
R,-14.6356,-9.15393,-4.68979,-1.36367,-14.5757,-9.32634,-14.7754,-9.22939,-4.73658,-1.34573,0.289096
L,-14.9228,-9.15179,-4.80527,-1.09165,-15.062,-9.04396,-15.013,-9.29397,-4.76161,-1.23603,2.02791
R,-15.1822,-9.22458,-4.85905,-1.02304,-15.6189,-9.69365,-15.2517,-9.35302,-4.78436,-1.125,4.52952
L,-15.4479,-9.3404,-4.90593,-1.05452,-15.6682,-9.56749,-15.4916,-9.40649,-4.80476,-1.01269,5.35215
R,-15.6896,-9.37008,-4.87188,-0.873483,-15.9382,-9.35751,-15.7324,-9.45431,-4.82275,-0.899159,2.1018
L,-15.9472,-9.45487,-4.90534,-0.85916,-16.0862,-9.59819,-15.9741,-9.49642,-4.83827,-0.784484,2.13815
R,-16.1977,-9.46472,-4.90377,-0.66763,-16.6033,-8.85459,-16.2164,-9.53277,-4.85124,-0.668734,2.27711
L,-16.4491,-9.4589,-4.92798,-0.478109,-16.4229,-9.37029,-16.4594,-9.5633,-4.8616,-0.55198,0.515459
R,-16.6652,-9.45999,-4.86984,-0.320974,-16.011,-9.33486,-16.7027,-9.58797,-4.8693,-0.434301,5.12732
L,-16.9497,-9.44443,-4.93517,-0.123493,-17.1132,-9.43043,-16.9464,-9.60673,-4.87427,-0.315773,1.51363
R,-17.2025,-9.50327,-4.97479,-0.146733,-16.9255,-10.8571,-17.1903,-9.61954,-4.87646,-0.196479,7.8809
L,-17.4632,-9.52123,-4.99456,-0.0602727,-17.5448,-9.57485,-17.4342,-9.62636,-4.87583,-0.0765024,0.500408
R,-17.7205,-9.51089,-4.98158,0.0945944,-18.1371,-9.39146,-17.6781,-9.62717,-4.87232,0.0440703,1.68796
L,-17.9754,-9.47838,-4.98599,0.265772,-17.9724,-9.42299,-17.9216,-9.62194,-4.86588,0.165151,0.196992
R,-18.2183,-9.44175,-4.9391,0.446314,-18.3083,-9.18778,-18.1648,-9.61064,-4.85648,0.286648,0.69283
L,-18.4182,-9.48837,-4.86531,0.390691,-18.2763,-9.60997,-18.4074,-9.59325,-4.84408,0.40847,2.23506
R,-18.6544,-9.47621,-4.87293,0.457218,-18.2443,-9.58547,-18.6493,-9.56977,-4.82864,0.530522,1.71364
L,-18.9032,-9.46677,-4.87084,0.529878,-18.9545,-9.51544,-18.8904,-9.54017,-4.81012,0.652707,0.270402
R,-19.1332,-9.42923,-4.85913,0.634424,-18.6983,-9.02886,-19.1305,-9.50447,-4.78851,0.774927,3.94387
L,-19.3804,-9.3086,-4.84217,0.927455,-19.2983,-9.09865,-19.3694,-9.46265,-4.76378,0.897083,3.04504
R,-19.613,-9.23388,-4.77002,1.11484,-19.7037,-8.79906,-19.6069,-9.41472,-4.73591,1.01907,1.13749
L,-19.8666,-9.1091,-4.74793,1.38214,-19.8731,-8.96417,-19.8431,-9.36071,-4.70487,1.1408,1.36521
R,-20.1046,-9.00731,-4.70755,1.56954,-20.3815,-7.6755,-20.0775,-9.30061,-4.67066,1.26215,4.96074
L,-20.273,-9.13965,-4.61227,1.21853,-20.1607,-9.59663,-20.3102,-9.23446,-4.63328,1.38303,14.5154
R,-20.5117,-9.09849,-4.61671,1.2642,-20.4587,-9.7448,-20.5409,-9.16227,-4.59271,1.50334,1.57005
L,-20.7339,-9.00118,-4.57426,1.4261,-20.6596,-8.91527,-20.7696,-9.08409,-4.54895,1.62296,0.719346
R,-20.9761,-8.92069,-4.55146,1.54947,-21.5568,-8.5005,-20.9959,-8.99994,-4.50202,1.74179,2.48092
L,-21.1716,-8.85265,-4.47416,1.61735,-21.0195,-8.85081,-21.2198,-8.90987,-4.45191,1.85972,1.23521
R,-21.4046,-8.76585,-4.43494,1.73476,-21.8628,-8.64129,-21.4412,-8.81393,-4.39865,1.97666,1.9376
L,-21.5959,-8.74163,-4.36496,1.69195,-21.5029,-8.87191,-21.6597,-8.71217,-4.34224,2.0925,1.63649
R,-21.7857,-8.60316,-4.20313,1.92224,-21.9514,-7.41274,-21.8754,-8.60465,-4.2827,2.20712,6.50808
L,-21.989,-8.52527,-4.15304,1.97928,-21.9793,-8.57089,-22.0881,-8.49143,-4.22007,2.32043,0.141066
R,-22.1984,-8.41903,-4.13796,2.07227,-22.1914,-7.70392,-22.2975,-8.37258,-4.15437,2.43232,2.00753
L,-22.4313,-8.31776,-4.12979,2.16276,-22.5838,-8.35296,-22.5035,-8.24817,-4.08564,2.5427,1.28261
R,-22.6216,-8.20395,-4.03688,2.27059,-22.3177,-8.57758,-22.7061,-8.11829,-4.01391,2.65145,0.884326
L,-22.8638,-7.95695,-3.99688,2.64331,-22.9861,-7.6724,-22.9049,-7.98301,-3.93923,2.75848,6.14959
R,-23.0539,-7.80851,-3.84321,2.80758,-23.2693,-8.32031,-23.1,-7.84243,-3.86163,2.8637,3.60725
L,-23.2844,-7.62795,-3.80441,3.00047,-23.4777,-7.56583,-23.2911,-7.69663,-3.78118,2.967,2.285
R,-23.4846,-7.48738,-3.7943,3.05783,-23.473,-7.02103,-23.4781,-7.54572,-3.69792,3.06828,1.68873
L,-23.6503,-7.34435,-3.68416,3.12951,-23.5408,-7.36069,-23.6609,-7.3898,-3.61191,3.16746,0.659602
R,-23.8417,-7.18339,-3.63097,3.22424,-24.0505,-6.56968,-23.8393,-7.22897,-3.52321,3.26445,0.903227
L,-24.0013,-7.09308,-3.5436,3.17138,-23.9384,-7.26171,-24.0132,-7.06336,-3.43189,3.35916,2.04351
R,-24.1692,-6.91104,-3.42314,3.3087,-24.3577,-5.94086,-24.1825,-6.89307,-3.33801,3.45149,1.99064
L,-24.3327,-6.65511,-3.29006,3.56706,-24.2574,-6.4352,-24.347,-6.71823,-3.24166,3.54138,3.28197
R,-24.4999,-6.47854,-3.16593,3.66448,-24.788,-7.18367,-24.5066,-6.53896,-3.14289,3.62873,3.50318
L,-24.5964,-6.34278,-2.99263,3.64894,-24.3008,-6.43799,-24.6612,-6.35538,-3.0418,3.71347,5.27193
R,-24.737,-6.1545,-2.87631,3.73865,-24.6108,-6.00878,-24.8107,-6.16764,-2.93846,3.79553,0.309437
L,-24.9209,-5.94704,-2.82642,3.86113,-25.146,-5.91902,-24.955,-5.97587,-2.83295,3.87484,2.74026
R,-25.0518,-5.74208,-2.70978,3.95352,-24.8975,-5.02285,-25.094,-5.7802,-2.72537,3.95132,1.85768
L,-25.1841,-5.5713,-2.60885,3.97597,-25.1941,-5.64372,-25.2276,-5.58079,-2.61581,4.02492,0.329885
R,-25.3373,-5.38542,-2.5897,4.00826,-25.5328,-5.4399,-25.3556,-5.37777,-2.50435,4.09557,1.32048
L,-25.4821,-5.15876,-2.50364,4.12133,-25.5713,-5.10241,-25.4779,-5.1713,-2.39109,4.16322,0.628123
R,-25.6132,-4.98214,-2.47764,4.1118,-25.0178,-6.55904,-25.5946,-4.96152,-2.27613,4.22781,6.38658
L,-25.7266,-4.81108,-2.3777,4.10482,-25.6952,-4.89995,-25.7055,-4.7486,-2.15956,4.2893,0.547634
R,-25.8476,-4.60516,-2.30592,4.15439,-25.8162,-4.40681,-25.8105,-4.53268,-2.04149,4.34764,0.229982
L,-25.9605,-4.35959,-2.19663,4.27204,-25.9516,-4.26659,-25.9096,-4.31392,-1.92202,4.40279,0.539275
R,-26.0699,-4.13851,-2.00863,4.35599,-26.8953,-4.43966,-26.0027,-4.0925,-1.80125,4.45471,11.0795
L,-26.1622,-3.8515,-1.85767,4.5257,-26.1198,-3.67723,-26.0897,-3.86856,-1.67928,4.50337,1.96636
R,-26.2364,-3.61351,-1.62468,4.6083,-26.5652,-3.85723,-26.1706,-3.64227,-1.55623,4.54875,3.54923
L,-26.2654,-3.34654,-1.39148,4.70494,-25.9974,-3.24722,-26.2453,-3.41381,-1.4322,4.59081,4.36802
R,-26.3151,-3.10117,-1.17672,4.76512,-26.2976,-3.01078,-26.3138,-3.18332,-1.30729,4.62954,0.523246
L,-26.3392,-2.86787,-0.97611,4.7826,-26.1741,-2.87885,-26.376,-2.95098,-1.18162,4.66493,1.4451
R,-26.397,-2.64148,-0.865576,4.78963,-26.4681,-3.44967,-26.4319,-2.71697,-1.05529,4.69696,1.41809
L,-26.4722,-2.4928,-0.809516,4.6713,-26.674,-2.73852,-26.4815,-2.48143,-0.928411,4.72562,5.81257
R,-26.5273,-2.25791,-0.731269,4.69424,-26.657,-1.72382,-26.5247,-2.24456,-0.80109,4.75091,0.998324
L,-26.5769,-2.06354,-0.634293,4.64946,-26.6691,-2.17333,-26.5616,-2.0065,-0.673434,4.77284,1.17989
R,-26.6078,-1.82789,-0.54253,4.66643,-26.3248,-1.32261,-26.5921,-1.76744,-0.545553,4.79141,2.00671
L,-26.6059,-1.57784,-0.365892,4.70125,-26.4671,-1.53207,-26.6161,-1.52753,-0.417552,4.80664,1.14196
R,-26.6031,-1.34885,-0.168547,4.69836,-26.4998,-2.19526,-26.6338,-1.28695,-0.289538,4.81852,1.67087
L,-26.6067,-1.12185,-0.030292,4.68796,-26.5998,-1.14277,-26.6451,-1.04586,-0.161616,4.8271,0.0293406
R,-26.6358,-0.898365,0.0409544,4.67628,-27.2008,-1.67679,-26.65,-0.804425,-0.0338883,4.83238,5.14313
L,-26.647,-0.645737,0.15202,4.7088,-26.7355,-0.59539,-26.6485,-0.562811,0.0935412,4.83439,0.568011
R,-26.6345,-0.403824,0.331019,4.71515,-26.9891,0.0351487,-26.6406,-0.321181,0.220572,4.83317,2.26408
L,-26.5894,-0.106169,0.530618,4.79798,-26.4553,0.0602653,-26.6264,-0.0796947,0.347104,4.82874,2.64076
R,-26.57,0.133508,0.671033,4.78429,-26.9537,0.136943,-26.6059,0.161489,0.473041,4.82116,2.7544
L,-26.5464,0.427867,0.806579,4.85785,-26.6201,0.57588,-26.5792,0.402213,0.598287,4.81045,1.62701
R,-26.5341,0.666189,0.847813,4.83588,-26.8241,0.381506,-26.5462,0.642323,0.722748,4.79667,1.80013
L,-26.5262,0.948816,0.925521,4.89026,-26.7293,1.06082,-26.5069,0.881666,0.846334,4.77986,2.93919
R,-26.4883,1.20942,0.963505,4.89793,-25.9562,2.60409,-26.4616,1.12009,0.968955,4.76007,7.13237
L,-26.4311,1.44508,1.09407,4.8567,-26.3986,1.42212,-26.4101,1.35745,1.09053,4.73737,0.0876553
R,-26.3925,1.66309,1.14271,4.7954,-26.5072,-0.563928,-26.3526,1.59361,1.21096,4.71181,8.44333
L,-26.3374,1.87208,1.2439,4.71831,-26.3594,1.79315,-26.2891,1.82841,1.33018,4.68345,0.408358
R,-26.2695,2.10339,1.37421,4.67903,-26.3475,1.82827,-26.2197,2.06173,1.44811,4.65235,0.225909
L,-26.2073,2.29452,1.46496,4.57719,-26.2502,2.18481,-26.1444,2.29342,1.56467,4.61859,0.838313
R,-26.1447,2.52132,1.51131,4.54621,-26.069,2.27896,-26.0633,2.52336,1.67979,4.58223,0.822831
L,-26.0658,2.76391,1.61928,4.53729,-26.0641,2.80701,-25.9765,2.75141,1.79339,4.54334,0.113924
R,-25.9711,2.98704,1.80654,4.4819,-26.3234,3.02388,-25.8841,2.97746,1.90543,4.502,2.84834
L,-25.869,3.26786,1.9422,4.53025,-25.8345,3.42005,-25.7861,3.20139,2.01582,4.45828,1.48868
R,-25.786,3.49803,2.02946,4.49455,-26.1824,3.73376,-25.6826,3.42306,2.12452,4.41227,2.14249
L,-25.6805,3.69792,2.13747,4.40331,-25.6666,3.63509,-25.5737,3.64239,2.23146,4.36404,0.250503
R,-25.564,3.90558,2.26592,4.3259,-25.5773,3.13316,-25.4596,3.85924,2.3366,4.31367,1.13557
L,-25.4976,4.08325,2.28766,4.22097,-25.7492,3.99968,-25.3402,4.07353,2.43989,4.26125,3.81641
R,-25.3746,4.28481,2.40569,4.14638,-25.3516,3.75691,-25.2157,4.28514,2.54127,4.20686,0.603327
L,-25.2147,4.50425,2.57052,4.09558,-25.0214,4.52803,-25.0863,4.49399,2.64071,4.15058,2.01934
R,-25.0644,4.70012,2.66217,4.01887,-24.2719,4.30917,-24.9518,4.69998,2.73817,4.09251,8.93962
L,-24.9463,4.89363,2.73218,3.94819,-25.0363,4.88499,-24.8126,4.90303,2.83361,4.03273,0.434901
R,-24.7904,5.0844,2.84997,3.86641,-24.3609,4.95947,-24.6686,5.10304,2.92701,3.97132,2.30556
L,-24.6218,5.29964,2.98612,3.82783,-24.5041,5.35293,-24.5201,5.29995,3.01833,3.90839,0.922592
R,-24.4499,5.47857,3.15787,3.71164,-24.4379,5.24592,-24.367,5.49367,3.10754,3.84401,0.935226
L,-24.263,5.65139,3.29534,3.59655,-24.1159,5.61152,-24.2095,5.68414,3.19464,3.77827,1.22603
R,-24.0974,5.81287,3.41502,3.4687,-24.5638,4.75836,-24.0477,5.8713,3.27959,3.71127,3.21584
L,-23.9239,5.9729,3.50943,3.35178,-23.9153,5.94377,-23.8818,6.05508,3.36239,3.64309,0.0553855
R,-23.7804,6.1568,3.44529,3.33296,-23.5491,6.44495,-23.7117,6.23542,3.44302,3.57383,4.69919
L,-23.6135,6.3119,3.51431,3.23222,-23.6471,6.29102,-23.5377,6.41227,3.52148,3.50357,0.0889718
R,-23.465,6.4841,3.50585,3.19311,-23.7544,6.53746,-23.3598,6.58559,3.59775,3.4324,1.82545
L,-23.2385,6.71023,3.66029,3.22381,-23.0099,6.86182,-23.1781,6.75533,3.67185,3.36041,4.31029
R,-23.0437,6.85129,3.72346,3.11175,-22.7862,5.74143,-22.9928,6.92146,3.74376,3.28768,5.55497
L,-22.8294,7.02528,3.83484,3.05772,-22.6991,7.063,-22.804,7.08393,3.8135,3.21431,1.00653
R,-22.6175,7.16081,3.94941,2.92648,-22.418,6.76159,-22.6117,7.24273,3.88106,3.14038,1.5066
L,-22.4327,7.30521,3.99525,2.83924,-22.5083,7.31524,-22.4161,7.39782,3.94647,3.06598,0.306041
R,-22.203,7.43372,4.17393,2.68062,-22.0543,7.85452,-22.2173,7.54917,4.00974,2.99118,2.50648
L,-22.0215,7.5957,4.20262,2.64378,-22.1947,7.69478,-22.0154,7.69679,4.07087,2.91607,2.12482
R,-21.8374,7.76603,4.16583,2.65834,-21.6178,9.0351,-21.8105,7.84064,4.12989,2.84074,5.8083
L,-21.6297,7.9084,4.22196,2.58965,-21.6473,7.94,-21.6026,7.98072,4.18681,2.76526,0.0759862
R,-21.4395,8.04239,4.22236,2.52812,-21.8637,7.78661,-21.392,8.11703,4.24166,2.68971,1.6735
L,-21.2158,8.07618,4.27803,2.25845,-21.0853,7.83229,-21.1787,8.24957,4.29447,2.61417,4.44823
R,-21.025,8.22856,4.21123,2.29051,-20.5503,9.28616,-20.9628,8.37833,4.34526,2.53871,6.37678
L,-20.8465,8.38037,4.21144,2.2922,-21.0519,8.50983,-20.7444,8.50333,4.39406,2.46341,3.14735
R,-20.6046,8.49269,4.34013,2.18352,-19.9265,9.40847,-20.5237,8.62457,4.4409,2.38835,4.39433
L,-20.3539,8.63216,4.43495,2.15443,-20.21,8.68914,-20.3006,8.74206,4.48582,2.31358,1.35749
R,-20.1562,8.76224,4.37885,2.15889,-20.2277,8.8532,-20.0753,8.85583,4.52884,2.23919,1.90984
L,-19.9578,8.86274,4.38358,2.07605,-20.0633,8.86724,-19.848,8.96589,4.57001,2.16524,0.593451
R,-19.7595,8.98054,4.33642,2.06653,-19.9264,8.78179,-19.6186,9.07227,4.60937,2.09179,1.46095
L,-19.5378,9.0521,4.37053,1.93922,-19.4861,8.96665,-19.3873,9.17499,4.64694,2.01891,0.568186
R,-19.2974,9.16003,4.45157,1.88049,-18.5719,10.2069,-19.1542,9.27409,4.68278,1.94666,4.46788
L,-19.0098,9.25357,4.57638,1.79855,-18.6786,9.19191,-18.9193,9.36959,4.71692,1.8751,5.98926
R,-18.7934,9.33655,4.59141,1.71023,-19.2825,8.98189,-18.6827,9.46154,4.7494,1.80429,1.67458
L,-18.5371,9.44047,4.66148,1.66934,-18.4242,9.46852,-18.4446,9.54996,4.78028,1.73429,0.758858
R,-18.2713,9.4723,4.79338,1.43152,-18.1634,8.72444,-18.2049,9.63492,4.80959,1.66514,5.72178
L,-17.977,9.60592,4.91447,1.4604,-17.7736,9.72478,-17.9639,9.71643,4.83737,1.59691,3.29489
R,-17.7313,9.69911,4.89458,1.45494,-17.2296,9.97767,-17.7214,9.79457,4.86368,1.52964,2.89406
L,-17.4552,9.80864,4.97053,1.45043,-17.3436,9.88109,-17.4777,9.86936,4.88856,1.46338,1.06617
R,-17.2063,9.88707,4.99834,1.38408,-17.1554,10.212,-17.2328,9.94087,4.91205,1.39818,0.440517
L,-16.9333,10.0113,5.06276,1.42301,-16.8876,10.145,-16.9868,10.0091,4.93421,1.33408,1.27227
R,-16.6772,10.0803,5.08765,1.34638,-16.5958,10.1078,-16.7396,10.0743,4.95507,1.27113,0.0488049
L,-16.43,10.1856,5.10305,1.35554,-16.5153,10.3091,-16.4915,10.1362,4.97469,1.20937,1.24788
R,-16.1715,10.256,5.13792,1.28259,-16.09,10.5824,-16.2424,10.1952,4.99311,1.14883,0.50739
L,-15.9391,10.2764,5.11057,1.12291,-16.006,10.1843,-15.9924,10.2511,5.01039,1.08956,0.820519
R,-15.6907,10.3429,5.09936,1.0899,-15.7234,10.41,-15.7416,10.3041,5.02655,1.03159,0.284278
L,-15.4731,10.332,5.04289,0.8894,-15.5699,10.1904,-15.4899,10.3543,5.04166,0.974957,1.86961
R,-15.1754,10.3586,5.17553,0.719948,-14.2385,10.9109,-15.2376,10.4016,5.05576,0.919692,7.76429
L,-14.9153,10.4126,5.19569,0.670744,-14.9365,10.4722,-14.9846,10.4462,5.06889,0.865828,0.230006
R,-14.6725,10.448,5.11399,0.658353,-14.724,9.63507,-14.7309,10.4882,5.0811,0.813394,6.53012
L,-14.4321,10.4113,5.07889,0.443758,-14.4088,10.222,-14.4766,10.5276,5.09243,0.762418,2.17168
R,-14.1718,10.4366,5.08798,0.378395,-13.9005,10.5238,-14.2218,10.5645,5.10293,0.712926,0.561771
L,-13.8634,10.5888,5.21317,0.577716,-13.8049,10.9383,-13.9665,10.5989,5.11263,0.664944,7.82301
R,-13.6083,10.6511,5.16772,0.64229,-13.3956,10.7857,-13.7107,10.631,5.12159,0.618496,2.17551
L,-13.3599,10.6477,5.15161,0.514636,-13.3556,10.5517,-13.4545,10.6608,5.12983,0.573603,0.554811
R,-13.0965,10.6738,5.17064,0.454458,-12.9374,10.8137,-13.1979,10.6884,5.13741,0.530288,0.201802
L,-12.8407,10.7675,5.18959,0.544835,-12.9591,11.0099,-12.9409,10.7138,5.14436,0.48857,4.02654
R,-12.5751,10.8196,5.1941,0.567329,-12.2518,11.2495,-12.6836,10.7373,5.15071,0.448467,1.42445
L,-12.3429,10.7834,5.14207,0.388506,-12.3713,10.6091,-12.426,10.7587,5.15651,0.409997,1.91208
R,-12.0864,10.8207,5.12558,0.405179,-11.9352,10.9161,-12.1681,10.7783,5.16179,0.373177,0.6477
L,-11.8392,10.8843,5.12661,0.448107,-11.9451,11.0515,-11.91,10.7961,5.16658,0.338022,2.11247
R,-11.562,10.9057,5.16182,0.408765,-10.9703,10.9676,-11.6516,10.8121,5.17092,0.304546,2.65106
L,-11.3341,10.9187,5.1175,0.351395,-11.4548,10.9407,-11.393,10.8265,5.17484,0.272761,0.824393
R,-11.0693,10.8528,5.19909,0.00572328,-11.3472,10.5111,-11.1342,10.8394,5.17836,0.242681,9.54723
L,-10.7772,10.8257,5.23832,-0.116335,-10.6009,10.6823,-10.8753,10.8509,5.18153,0.214317,2.71504
R,-10.5217,10.8223,5.22394,-0.175213,-10.6563,10.8369,-10.6161,10.8609,5.18435,0.187679,0.183851
L,-10.2892,10.8159,5.1787,-0.239614,-10.4142,10.8747,-10.3569,10.8697,5.18687,0.162776,1.01589
R,-10.0419,10.8699,5.10711,-0.068865,-9.90413,11.2255,-10.0976,10.8772,5.1891,0.139618,6.65457
L,-9.78059,10.917,5.13167,-0.0142548,-9.83445,11.1032,-9.83809,10.8837,5.19106,0.118212,2.082
R,-9.55117,10.897,5.07777,-0.0878963,-10.195,10.3498,-9.57852,10.8891,5.19278,0.0985664,3.96366
L,-9.28981,10.9232,5.09853,-0.0690452,-9.3066,11.0348,-9.31887,10.8936,5.19428,0.0806865,0.716075
R,-9.04512,10.9033,5.06574,-0.121975,-9.2226,10.3527,-9.05915,10.8972,5.19557,0.0645787,2.6243
L,-8.77985,10.9348,5.09544,-0.0851371,-8.78899,11.0707,-8.79937,10.9001,5.19667,0.050248,1.05118
R,-8.54138,10.8917,5.05456,-0.192236,-8.83914,10.0319,-8.53953,10.9023,5.19759,0.0376992,6.38203
L,-8.37746,10.8122,4.8876,-0.369296,-8.62045,10.6577,-8.27965,10.9039,5.19835,0.0269359,5.11659
R,-8.12743,10.824,4.88349,-0.320366,-7.91543,11.1157,-8.01974,10.905,5.19896,0.0179617,1.52235
L,-7.78897,10.8708,5.05203,-0.224777,-7.51971,11.0005,-7.75979,10.9057,5.19942,0.0107791,5.46714
R,-7.52698,10.8717,5.0476,-0.182975,-7.25987,10.6458,-7.49981,10.9061,5.19975,0.00539029,2.12023
L,-7.25065,10.8597,5.08474,-0.207823,-7.15631,10.815,-7.23983,10.9063,5.19994,0.00179692,0.590485
